Timestamp WorkflowId PeakValueRss1 PeakValueRss2 PeakValueRss3 PeakValueRss4 PeakValueRss5 PeakValueRss6 PeakValueRss7 PeakValueRss8 PeakValueRss9 PeakValueVsize1 PeakValueVsize2 PeakValueVsize3 PeakValueVsize4 PeakValueVsize5 PeakValueVsize6 PeakValueVsize7 PeakValueVsize8 PeakValueVsize9 TotalJobCPU1 TotalJobCPU2 TotalJobCPU3 TotalJobCPU4 TotalJobCPU5 TotalJobCPU6 TotalJobCPU7 TotalJobCPU8 TotalJobCPU9 TotalJobTime1 TotalJobTime2 TotalJobTime3 TotalJobTime4 TotalJobTime5 TotalJobTime6 TotalJobTime7 TotalJobTime8 TotalJobTime9
1557435600.0 1.0 92 109 201 NA NA NA NA NA NA 204 551 413 NA NA NA NA NA NA 1442 494 1122 NA NA NA NA NA NA 1583 590 1411 NA NA NA NA NA NA
1557435600.0 10.0 NA 153 296 0 NA NA NA NA NA NA 559 549 0 NA NA NA NA NA NA 2340 3659 618 NA NA NA NA NA NA 1369 2586 791 NA NA NA NA NA
1557435600.0 1000.0 NA 328 207 0 61 NA NA NA NA NA 567 290 0 101 NA NA NA NA NA 2909 1156 658 325 NA NA NA NA NA 1918 1276 784 674 NA NA NA NA
1557435600.0 10001.0 NA 190 382 0 83 NA NA NA NA NA 622 622 0 128 NA NA NA NA NA 875 1573 894 211 NA NA NA NA NA 538 1607 1010 301 NA NA NA NA
1557435600.0 10002.0 NA 195 390 0 81 NA NA NA NA NA 576 606 0 128 NA NA NA NA NA 707 1613 934 269 NA NA NA NA NA 443 1645 1013 409 NA NA NA NA
1557435600.0 10003.0 NA 195 383 0 84 NA NA NA NA NA 623 663 0 127 NA NA NA NA NA 653 1761 922 236 NA NA NA NA NA 436 1717 980 338 NA NA NA NA
1557435600.0 10004.0 NA 196 383 0 83 NA NA NA NA NA 623 686 0 123 NA NA NA NA NA 661 1570 954 242 NA NA NA NA NA 444 1628 1171 341 NA NA NA NA
1557435600.0 10005.0 NA 193 381 0 83 NA NA NA NA NA 622 624 0 124 NA NA NA NA NA 677 1639 929 319 NA NA NA NA NA 453 1665 985 347 NA NA NA NA
1557435600.0 10006.0 NA 193 374 0 84 NA NA NA NA NA 622 621 0 127 NA NA NA NA NA 841 1664 912 336 NA NA NA NA NA 621 1716 969 412 NA NA NA NA
1557435600.0 10007.0 NA 197 389 0 84 NA NA NA NA NA 579 530 0 130 NA NA NA NA NA 713 1612 956 235 NA NA NA NA NA 491 1614 1024 328 NA NA NA NA
1557435600.0 10008.0 NA 196 388 0 83 NA NA NA NA NA 623 661 0 123 NA NA NA NA NA 675 1623 946 248 NA NA NA NA NA 449 1823 1331 331 NA NA NA NA
1557435600.0 10009.0 NA 198 382 0 84 NA NA NA NA NA 576 592 0 129 NA NA NA NA NA 909 1700 960 263 NA NA NA NA NA 558 2075 1025 381 NA NA NA NA
1557435600.0 1001.0 NA 264 114 0 0 0 0 0 0 NA 458 181 0 0 0 0 0 0 NA 2754 661 111 83 121 280 132 282 NA 3779 967 521 132 166 329 172 329
1557435600.0 1001.2 NA 381 130 0 NA NA NA NA NA NA 682 210 0 NA NA NA NA NA NA 14549 1878 141 NA NA NA NA NA NA 9192 4367 255 NA NA NA NA NA
1557435600.0 1002.0 NA 310 94 NA NA NA NA NA NA NA 578 131 NA NA NA NA NA NA NA 3020 365 NA NA NA NA NA NA NA 2468 294 NA NA NA NA NA NA
1557435600.0 10023.0 NA 191 374 0 83 NA NA NA NA NA 576 664 0 131 NA NA NA NA NA 682 1602 926 300 NA NA NA NA NA 450 1645 986 491 NA NA NA NA
1557435600.0 10024.0 NA 199 394 0 78 NA NA NA NA NA 624 634 0 125 NA NA NA NA NA 1038 1986 975 266 NA NA NA NA NA 685 1872 1032 367 NA NA NA NA
1557435600.0 10024.1 NA 201 211 0 NA NA NA NA NA NA 578 358 0 NA NA NA NA NA NA 759 720 281 NA NA NA NA NA NA 469 750 329 NA NA NA NA NA
1557435600.0 10024.2 NA 180 367 0 NA NA NA NA NA NA 623 592 0 NA NA NA NA NA NA 843 2283 1072 NA NA NA NA NA NA 1618 4857 1225 NA NA NA NA NA
1557435600.0 10024.3 NA 185 181 0 NA NA NA NA NA NA 533 341 0 NA NA NA NA NA NA 897 897 348 NA NA NA NA NA NA 903 1642 459 NA NA NA NA NA
1557435600.0 10024.4 NA 183 366 0 NA NA NA NA NA NA 632 646 0 NA NA NA NA NA NA 845 2155 1055 NA NA NA NA NA NA 1047 2065 1245 NA NA NA NA NA
1557435600.0 10024.5 NA 184 141 0 NA NA NA NA NA NA 616 232 0 NA NA NA NA NA NA 903 595 168 NA NA NA NA NA NA 1102 1363 374 NA NA NA NA NA
1557435600.0 10025.0 NA 189 392 0 84 NA NA NA NA NA 620 611 0 129 NA NA NA NA NA 864 1831 965 235 NA NA NA NA NA 917 1749 1024 326 NA NA NA NA
1557435600.0 10026.0 NA 207 410 0 86 NA NA NA NA NA 620 554 0 124 NA NA NA NA NA 775 2088 987 347 NA NA NA NA NA 479 1769 1463 345 NA NA NA NA
1557435600.0 1003.0 NA 270 0 NA NA NA NA NA NA NA 501 0 NA NA NA NA NA NA NA 3058 595 NA NA NA NA NA NA NA 2122 1312 NA NA NA NA NA NA
1557435600.0 1004.0 NA 221 106 0 0 0 0 NA NA NA 333 163 0 0 0 0 NA NA NA 977 345 81 131 290 290 NA NA NA 1856 507 123 170 334 330 NA NA
1557435600.0 10042.0 NA 192 396 0 85 NA NA NA NA NA 578 640 0 131 NA NA NA NA NA 726 1685 934 245 NA NA NA NA NA 493 1651 995 331 NA NA NA NA
1557435600.0 10059.0 NA 202 407 0 80 NA NA NA NA NA 625 614 0 128 NA NA NA NA NA 896 2607 957 341 NA NA NA NA NA 791 2332 1021 342 NA NA NA NA
1557435600.0 10071.0 NA 205 401 0 80 NA NA NA NA NA 621 610 0 129 NA NA NA NA NA 776 1848 977 318 NA NA NA NA NA 462 1849 1028 528 NA NA NA NA
1557435600.0 101.0 95 NA NA NA NA NA NA NA NA 177 NA NA NA NA NA NA NA NA 911 NA NA NA NA NA NA NA NA 1139 NA NA NA NA NA NA NA NA
1557435600.0 1010.0 NA 26 39 0 NA NA NA NA NA NA 88 101 0 NA NA NA NA NA NA 142 234 160 NA NA NA NA NA NA 588 505 243 NA NA NA NA NA
1557435600.0 102.0 104 NA NA NA NA NA NA NA NA 161 NA NA NA NA NA NA NA NA 804 NA NA NA NA NA NA NA NA 1050 NA NA NA NA NA NA NA NA
1557435600.0 1020.0 NA 77 30 0 79 NA NA NA NA NA 142 72 0 147 NA NA NA NA NA 281 121 75 272 NA NA NA NA NA 397 561 128 381 NA NA NA NA
1557435600.0 10224.0 NA 353 615 0 NA NA NA NA NA NA 624 948 0 NA NA NA NA NA NA 3197 4252 1091 NA NA NA NA NA NA 2177 2739 1176 NA NA NA NA NA
1557435600.0 10225.0 NA 336 565 0 NA NA NA NA NA NA 624 902 0 NA NA NA NA NA NA 3102 3932 1086 NA NA NA NA NA NA 2435 3779 1269 NA NA NA NA NA
1557435600.0 103.0 48 0 0 NA NA NA NA NA NA 108 0 0 NA NA NA NA NA NA 1199 257 1437 NA NA NA NA NA NA 1625 599 2078 NA NA NA NA NA NA
1557435600.0 1030.0 NA 199 50 0 0 NA NA NA NA NA 388 103 0 0 NA NA NA NA NA 7306 250 74 60 NA NA NA NA NA 2446 241 115 466 NA NA NA NA
1557435600.0 1040.0 NA 353 35 0 NA NA NA NA NA NA 707 76 0 NA NA NA NA NA NA 11675 150 136 NA NA NA NA NA NA 5081 496 314 NA NA NA NA NA
1557435600.0 1040.1 NA 62 31 0 NA NA NA NA NA NA 126 77 0 NA NA NA NA NA NA 529 148 137 NA NA NA NA NA NA 669 339 259 NA NA NA NA NA
1557435600.0 10424.0 NA 175 368 0 NA NA NA NA NA NA 576 601 0 NA NA NA NA NA NA 857 2180 1060 NA NA NA NA NA NA 2673 5076 1326 NA NA NA NA NA
1557435600.0 105.0 83 152 35 NA NA NA NA NA NA 211 595 78 NA NA NA NA NA NA 2198 542 130 NA NA NA NA NA NA 2193 1071 286 NA NA NA NA NA NA
1557435600.0 106.0 48 0 0 NA NA NA NA NA NA 108 0 0 NA NA NA NA NA NA 716 267 1480 NA NA NA NA NA NA 1877 740 2519 NA NA NA NA NA NA
1557435600.0 107.0 80 146 283 NA NA NA NA NA NA 204 595 517 NA NA NA NA NA NA 2749 579 1789 NA NA NA NA NA NA 2681 1108 2505 NA NA NA NA NA NA
1557435600.0 108.0 85 120 285 NA NA NA NA NA NA 210 597 574 NA NA NA NA NA NA 3537 590 1977 NA NA NA NA NA NA 2180 873 3186 NA NA NA NA NA NA
1557435600.0 10801.0 NA 264 400 0 94 159 NA NA NA NA 696 630 0 141 247 NA NA NA NA 1900 2034 1912 444 761 NA NA NA NA 1666 2031 1982 581 863 NA NA NA
1557435600.0 10802.0 NA 261 399 0 92 162 NA NA NA NA 688 607 0 141 255 NA NA NA NA 2058 2063 1915 463 750 NA NA NA NA 1995 2019 2052 568 829 NA NA NA
1557435600.0 10803.0 NA 262 395 0 83 160 NA NA NA NA 693 616 0 148 243 NA NA NA NA 1991 2105 1907 479 776 NA NA NA NA 1710 2007 1985 611 881 NA NA NA
1557435600.0 10804.0 NA 260 387 0 87 142 NA NA NA NA 701 608 0 147 238 NA NA NA NA 1912 2042 1918 573 769 NA NA NA NA 1677 2003 1987 561 862 NA NA NA
1557435600.0 10805.0 NA 264 387 0 87 160 NA NA NA NA 700 639 0 135 241 NA NA NA NA 1978 2002 1893 389 754 NA NA NA NA 1716 2139 1959 447 843 NA NA NA
1557435600.0 10806.0 NA 261 407 0 88 127 NA NA NA NA 643 630 0 147 209 NA NA NA NA 2026 2025 1918 585 716 NA NA NA NA 1958 2044 2007 627 835 NA NA NA
1557435600.0 10807.0 NA 258 393 0 92 146 NA NA NA NA 708 641 0 162 235 NA NA NA NA 1983 2110 1862 490 775 NA NA NA NA 1764 2561 1945 631 870 NA NA NA
1557435600.0 10808.0 NA 267 394 0 92 162 NA NA NA NA 650 627 0 148 254 NA NA NA NA 1941 2098 1869 470 781 NA NA NA NA 1744 2059 1946 591 883 NA NA NA
1557435600.0 10809.0 NA 263 401 0 92 164 NA NA NA NA 656 626 0 150 245 NA NA NA NA 1961 2119 1908 496 796 NA NA NA NA 1710 2132 1989 626 883 NA NA NA
1557435600.0 10823.0 NA 262 390 0 94 136 NA NA NA NA 643 637 0 136 218 NA NA NA NA 1964 2038 1951 449 760 NA NA NA NA 1733 2038 2016 567 863 NA NA NA
1557435600.0 10824.0 NA 284 405 0 103 166 NA NA NA NA 700 702 0 155 257 NA NA NA NA 2203 2474 2061 503 804 NA NA NA NA 1863 2469 2210 589 904 NA NA NA
1557435600.0 10824.1 NA 283 210 0 NA NA NA NA NA NA 690 371 0 NA NA NA NA NA NA 2333 982 382 NA NA NA NA NA NA 2821 2184 453 NA NA NA NA NA
1557435600.0 10824.5 NA 284 161 0 NA NA NA NA NA NA 692 258 0 NA NA NA NA NA NA 2281 690 166 NA NA NA NA NA NA 4345 2065 423 NA NA NA NA NA
1557435600.0 10824.6 NA 285 409 0 103 164 NA NA NA NA 714 709 0 158 261 NA NA NA NA 2232 2358 1901 492 769 NA NA NA NA 1930 2101 1968 596 873 NA NA NA
1557435600.0 10824.7 NA 291 409 0 93 163 NA NA NA NA 690 618 0 154 248 NA NA NA NA 2263 2476 2072 503 839 NA NA NA NA 1933 2271 2152 693 952 NA NA NA
1557435600.0 10825.0 NA 271 396 0 83 161 NA NA NA NA 702 593 0 145 242 NA NA NA NA 2085 2227 1915 584 789 NA NA NA NA 1838 2197 1978 569 891 NA NA NA
1557435600.0 10826.0 NA 287 419 0 104 168 NA NA NA NA 692 650 0 154 259 NA NA NA NA 2284 2739 2098 623 892 NA NA NA NA 1951 2358 2614 681 1020 NA NA NA
1557435600.0 10842.0 NA 269 395 0 103 162 NA NA NA NA 703 656 0 151 246 NA NA NA NA 2052 2194 1911 468 780 NA NA NA NA 1770 2232 1980 585 867 NA NA NA
1557435600.0 10842.7 NA 269 400 0 94 166 NA NA NA NA 611 649 0 156 242 NA NA NA NA 2040 2178 1980 481 779 NA NA NA NA 1802 2176 2058 578 872 NA NA NA
1557435600.0 10859.0 NA 283 420 0 93 165 NA NA NA NA 697 727 0 158 269 NA NA NA NA 2292 2994 2051 609 856 NA NA NA NA 1956 2347 2209 580 980 NA NA NA
1557435600.0 10871.0 NA 277 408 0 83 162 NA NA NA NA 702 638 0 150 255 NA NA NA NA 2031 2250 1967 598 786 NA NA NA NA 1742 2067 2210 573 871 NA NA NA
1557435600.0 109.0 81 116 292 NA NA NA NA NA NA 207 597 551 NA NA NA NA NA NA 3593 590 1958 NA NA NA NA NA NA 1980 986 2825 NA NA NA NA NA NA
1557435600.0 11.0 NA 135 289 0 76 NA NA NA NA NA 604 535 0 120 NA NA NA NA NA 1737 1637 602 190 NA NA NA NA NA 740 1482 1153 424 NA NA NA NA
1557435600.0 110.0 62 160 283 NA NA NA NA NA NA 136 595 572 NA NA NA NA NA NA 1283 492 1703 NA NA NA NA NA NA 1555 455 5714 NA NA NA NA NA NA
1557435600.0 1102.0 NA 144 307 162 83 NA NA NA NA NA 603 484 434 176 NA NA NA NA NA 2657 4498 2258 357 NA NA NA NA NA 1128 2762 1195 257 NA NA NA NA
1557435600.0 11024.0 NA 506 744 0 166 NA NA NA NA NA 798 1126 0 257 NA NA NA NA NA 6180 5967 2022 829 NA NA NA NA NA 3319 3533 2099 948 NA NA NA NA
1557435600.0 11024.2 NA 521 762 0 164 NA NA NA NA NA 852 1125 0 250 NA NA NA NA NA 6446 6257 2001 818 NA NA NA NA NA 3560 4539 2103 934 NA NA NA NA
1557435600.0 11024.3 NA 520 763 0 168 NA NA NA NA NA 843 1126 0 258 NA NA NA NA NA 6194 6159 2035 808 NA NA NA NA NA 3783 4145 2242 889 NA NA NA NA
1557435600.0 11024.6 NA 522 758 0 164 NA NA NA NA NA 854 1132 0 258 NA NA NA NA NA 6399 6390 2068 814 NA NA NA NA NA 3495 3911 2132 891 NA NA NA NA
1557435600.0 11025.0 NA 507 765 0 172 NA NA NA NA NA 798 1113 0 245 NA NA NA NA NA 6302 5872 2054 801 NA NA NA NA NA 3626 3784 2142 907 NA NA NA NA
1557435600.0 111.0 75 134 283 NA NA NA NA NA NA 198 552 475 NA NA NA NA NA NA 2169 457 1741 NA NA NA NA NA NA 2331 772 5232 NA NA NA NA NA NA
1557435600.0 112.0 85 109 283 NA NA NA NA NA NA 218 595 525 NA NA NA NA NA NA 2301 570 1757 NA NA NA NA NA NA 1580 688 2229 NA NA NA NA NA NA
1557435600.0 11224.0 NA 276 406 0 NA NA NA NA NA NA 689 619 0 NA NA NA NA NA NA 2040 2581 1942 NA NA NA NA NA NA 2759 3418 2267 NA NA NA NA NA
1557435600.0 11224.6 NA 283 412 0 NA NA NA NA NA NA 683 629 0 NA NA NA NA NA NA 2108 2548 1886 NA NA NA NA NA NA 2831 4184 2306 NA NA NA NA NA
1557435600.0 113.0 87 165 281 NA NA NA NA NA NA 219 596 492 NA NA NA NA NA NA 2083 566 1807 NA NA NA NA NA NA 2314 926 5431 NA NA NA NA NA NA
1557435600.0 114.0 84 157 275 NA NA NA NA NA NA 207 595 510 NA NA NA NA NA NA 2293 548 1823 NA NA NA NA NA NA 1051 607 2605 NA NA NA NA NA NA
1557435600.0 115.0 88 110 287 NA NA NA NA NA NA 215 596 542 NA NA NA NA NA NA 3054 611 1841 NA NA NA NA NA NA 2805 1147 2355 NA NA NA NA NA NA
1557435600.0 116.0 83 147 281 NA NA NA NA NA NA 210 597 531 NA NA NA NA NA NA 3461 567 1884 NA NA NA NA NA NA 1818 461 2688 NA NA NA NA NA NA
1557435600.0 11623.0 67 176 355 0 77 NA NA NA NA 126 617 602 0 128 NA NA NA NA 1555 764 1917 1049 401 NA NA NA NA 814 575 2245 1122 416 NA NA NA NA
1557435600.0 11624.0 74 188 375 0 77 NA NA NA NA 132 615 635 0 131 NA NA NA NA 3404 803 2162 1059 274 NA NA NA NA 1267 618 1985 1137 429 NA NA NA NA
1557435600.0 11625.0 71 177 370 0 68 NA NA NA NA 130 616 626 0 128 NA NA NA NA 2561 785 2053 1077 291 NA NA NA NA 1112 722 2405 1152 413 NA NA NA NA
1557435600.0 11626.0 78 200 377 0 78 NA NA NA NA 139 571 644 0 124 NA NA NA NA 4864 1016 2544 1035 463 NA NA NA NA 3217 1240 3411 1203 813 NA NA NA NA
1557435600.0 11642.0 68 174 367 0 68 NA NA NA NA 130 617 686 0 130 NA NA NA NA 1994 689 1913 1047 277 NA NA NA NA 1075 571 1982 1157 409 NA NA NA NA
1557435600.0 117.0 83 125 291 NA NA NA NA NA NA 207 596 534 NA NA NA NA NA NA 3588 598 1957 NA NA NA NA NA NA 1503 1152 3087 NA NA NA NA NA NA
1557435600.0 118.0 94 134 288 NA NA NA NA NA NA 225 598 485 NA NA NA NA NA NA 3752 608 1999 NA NA NA NA NA NA 1751 2114 2308 NA NA NA NA NA NA
1557435600.0 119.0 86 113 280 NA NA NA NA NA NA 219 551 516 NA NA NA NA NA NA 1963 559 1766 NA NA NA NA NA NA 2277 816 3786 NA NA NA NA NA NA
1557435600.0 12.0 NA 133 294 0 NA NA NA NA NA NA 513 592 0 NA NA NA NA NA NA 2176 3716 632 NA NA NA NA NA NA 1114 2918 697 NA NA NA NA NA
1557435600.0 120.0 60 129 275 NA NA NA NA NA NA 149 596 518 NA NA NA NA NA NA 1249 524 1665 NA NA NA NA NA NA 1326 724 3768 NA NA NA NA NA NA
1557435600.0 12024.0 72 176 371 0 NA NA NA NA NA 133 619 602 0 NA NA NA NA NA 3589 890 2184 1176 NA NA NA NA NA 3451 2026 3619 2939 NA NA NA NA NA
1557435600.0 121.0 87 128 284 NA NA NA NA NA NA 223 553 580 NA NA NA NA NA NA 3191 587 1944 NA NA NA NA NA NA 2221 602 2659 NA NA NA NA NA NA
1557435600.0 122.0 48 0 0 NA NA NA NA NA NA 105 0 0 NA NA NA NA NA NA 1027 266 1455 NA NA NA NA NA NA 1896 553 2569 NA NA NA NA NA NA
1557435600.0 123.1 332 NA NA NA NA NA NA NA NA 739 NA NA NA NA NA NA NA NA 1357 NA NA NA NA NA NA NA NA 1319 NA NA NA NA NA NA NA NA
1557435600.0 123.2 341 NA NA NA NA NA NA NA NA 783 NA NA NA NA NA NA NA NA 1527 NA NA NA NA NA NA NA NA 1702 NA NA NA NA NA NA NA NA
1557435600.0 123.3 243 NA NA NA NA NA NA NA NA 785 NA NA NA NA NA NA NA NA 1216 NA NA NA NA NA NA NA NA 1921 NA NA NA NA NA NA NA NA
1557435600.0 124.1 292 NA NA NA NA NA NA NA NA 733 NA NA NA NA NA NA NA NA 1233 NA NA NA NA NA NA NA NA 1893 NA NA NA NA NA NA NA NA
1557435600.0 124.2 318 NA NA NA NA NA NA NA NA 780 NA NA NA NA NA NA NA NA 1297 NA NA NA NA NA NA NA NA 1398 NA NA NA NA NA NA NA NA
1557435600.0 124.4 294 NA NA NA NA NA NA NA NA 780 NA NA NA NA NA NA NA NA 1229 NA NA NA NA NA NA NA NA 1570 NA NA NA NA NA NA NA NA
1557435600.0 124.5 309 NA NA NA NA NA NA NA NA 736 NA NA NA NA NA NA NA NA 1225 NA NA NA NA NA NA NA NA 1574 NA NA NA NA NA NA NA NA
1557435600.0 124.6 240 NA NA NA NA NA NA NA NA 734 NA NA NA NA NA NA NA NA 1239 NA NA NA NA NA NA NA NA 2070 NA NA NA NA NA NA NA NA
1557435600.0 125.0 85 146 278 NA NA NA NA NA NA 210 552 522 NA NA NA NA NA NA 2373 525 1775 NA NA NA NA NA NA 1598 595 4552 NA NA NA NA NA NA
1557435600.0 126.0 65 151 275 NA NA NA NA NA NA 149 597 525 NA NA NA NA NA NA 1999 520 1658 NA NA NA NA NA NA 2203 597 2070 NA NA NA NA NA NA
1557435600.0 127.0 62 114 277 NA NA NA NA NA NA 137 597 536 NA NA NA NA NA NA 1700 538 1657 NA NA NA NA NA NA 2338 3343 2298 NA NA NA NA NA NA
1557435600.0 128.0 61 143 272 NA NA NA NA NA NA 139 553 510 NA NA NA NA NA NA 1252 517 1660 NA NA NA NA NA NA 1566 876 4857 NA NA NA NA NA NA
1557435600.0 129.0 61 110 272 NA NA NA NA NA NA 134 595 495 NA NA NA NA NA NA 1321 610 1793 NA NA NA NA NA NA 1939 3572 5817 NA NA NA NA NA NA
1557435600.0 13.0 NA 118 294 0 NA NA NA NA NA NA 603 606 0 NA NA NA NA NA NA 505 2354 600 NA NA NA NA NA NA 1395 2247 766 NA NA NA NA NA
1557435600.0 130.0 63 130 274 NA NA NA NA NA NA 134 597 517 NA NA NA NA NA NA 2213 523 1713 NA NA NA NA NA NA 3444 747 3157 NA NA NA NA NA NA
1557435600.0 1301.0 81 198 204 NA NA NA NA NA NA 170 612 461 NA NA NA NA NA NA 1328 534 1234 NA NA NA NA NA NA 2661 671 2429 NA NA NA NA NA NA
1557435600.0 1301.17 75 179 209 NA NA NA NA NA NA 141 601 553 NA NA NA NA NA NA 1310 713 1225 NA NA NA NA NA NA 1964 560 1704 NA NA NA NA NA NA
1557435600.0 1302.0 90 147 211 NA NA NA NA NA NA 180 559 427 NA NA NA NA NA NA 3300 584 1473 NA NA NA NA NA NA 2885 895 2327 NA NA NA NA NA NA
1557435600.0 1302.17 73 176 223 NA NA NA NA NA NA 154 559 519 NA NA NA NA NA NA 3785 806 1573 NA NA NA NA NA NA 2801 764 2235 NA NA NA NA NA NA
1557435600.0 1303.0 87 176 213 NA NA NA NA NA NA 173 601 464 NA NA NA NA NA NA 6739 494 1685 NA NA NA NA NA NA 3515 572 1540 NA NA NA NA NA NA
1557435600.0 1303.17 80 180 231 NA NA NA NA NA NA 164 568 453 NA NA NA NA NA NA 6743 718 1844 NA NA NA NA NA NA 3515 527 1850 NA NA NA NA NA NA
1557435600.0 1306.0 NA 174 329 0 NA NA NA NA NA NA 576 564 0 NA NA NA NA NA NA 535 1785 644 NA NA NA NA NA NA 657 2555 1095 NA NA NA NA NA
1557435600.0 1307.0 NA 177 186 51 0 NA NA NA NA NA 571 280 99 0 NA NA NA NA NA 544 870 160 297 NA NA NA NA NA 491 1540 244 403 NA NA NA NA
1557435600.0 1308.0 NA 222 200 51 0 NA NA NA NA NA 615 273 98 0 NA NA NA NA NA 512 542 156 295 NA NA NA NA NA 457 1072 215 348 NA NA NA NA
1557435600.0 1309.0 NA 141 348 0 NA NA NA NA NA NA 575 563 0 NA NA NA NA NA NA 636 2005 673 NA NA NA NA NA NA 1321 1953 885 NA NA NA NA NA
1557435600.0 131.0 64 104 280 NA NA NA NA NA NA 136 595 520 NA NA NA NA NA NA 1785 588 1656 NA NA NA NA NA NA 2292 3410 2296 NA NA NA NA NA NA
1557435600.0 1310.0 NA 145 341 0 NA NA NA NA NA NA 621 555 0 NA NA NA NA NA NA 606 1942 677 NA NA NA NA NA NA 865 3381 1133 NA NA NA NA NA
1557435600.0 1311.0 NA 161 323 0 76 NA NA NA NA NA 578 537 0 114 NA NA NA NA NA 492 1195 677 263 NA NA NA NA NA 381 1235 739 262 NA NA NA NA
1557435600.0 1312.0 NA 144 348 0 NA NA NA NA NA NA 576 608 0 NA NA NA NA NA NA 657 1993 691 NA NA NA NA NA NA 1932 3055 1520 NA NA NA NA NA
1557435600.0 1313.0 NA 151 351 0 NA NA NA NA NA NA 576 615 0 NA NA NA NA NA NA 530 2119 682 NA NA NA NA NA NA 659 2930 1115 NA NA NA NA NA
1557435600.0 1314.0 NA 154 341 0 NA NA NA NA NA NA 621 553 0 NA NA NA NA NA NA 589 2016 677 NA NA NA NA NA NA 1406 4709 1531 NA NA NA NA NA
1557435600.0 1315.0 NA 157 331 0 NA NA NA NA NA NA 619 614 0 NA NA NA NA NA NA 575 1808 663 NA NA NA NA NA NA 1387 3732 1085 NA NA NA NA NA
1557435600.0 1316.0 NA 139 342 0 NA NA NA NA NA NA 621 543 0 NA NA NA NA NA NA 555 1867 654 NA NA NA NA NA NA 1479 2936 964 NA NA NA NA NA
1557435600.0 1317.0 NA 181 333 0 NA NA NA NA NA NA 622 518 0 NA NA NA NA NA NA 540 1835 660 NA NA NA NA NA NA 917 2760 1260 NA NA NA NA NA
1557435600.0 1318.0 NA 187 333 0 NA NA NA NA NA NA 575 616 0 NA NA NA NA NA NA 533 1786 659 NA NA NA NA NA NA 648 2669 1144 NA NA NA NA NA
1557435600.0 1319.0 NA 138 335 0 NA NA NA NA NA NA 620 555 0 NA NA NA NA NA NA 545 1767 662 NA NA NA NA NA NA 923 2676 1311 NA NA NA NA NA
1557435600.0 132.0 87 133 282 NA NA NA NA NA NA 212 595 534 NA NA NA NA NA NA 2969 565 1900 NA NA NA NA NA NA 1419 564 2904 NA NA NA NA NA NA
1557435600.0 1320.0 NA 170 340 0 NA NA NA NA NA NA 620 543 0 NA NA NA NA NA NA 573 1826 645 NA NA NA NA NA NA 1048 2200 812 NA NA NA NA NA
1557435600.0 1321.0 NA 150 348 0 NA NA NA NA NA NA 579 544 0 NA NA NA NA NA NA 627 1823 678 NA NA NA NA NA NA 927 2588 760 NA NA NA NA NA
1557435600.0 1322.0 NA 154 336 0 NA NA NA NA NA NA 577 611 0 NA NA NA NA NA NA 590 1860 680 NA NA NA NA NA NA 1490 2670 1189 NA NA NA NA NA
1557435600.0 1323.0 NA 219 327 0 NA NA NA NA NA NA 621 551 0 NA NA NA NA NA NA 541 1756 646 NA NA NA NA NA NA 1032 3091 1303 NA NA NA NA NA
1557435600.0 1324.0 NA 145 346 0 NA NA NA NA NA NA 622 564 0 NA NA NA NA NA NA 650 2054 676 NA NA NA NA NA NA 1715 2713 911 NA NA NA NA NA
1557435600.0 1325.0 NA 168 367 0 81 NA NA NA NA NA 621 593 0 128 NA NA NA NA NA 662 1792 636 280 NA NA NA NA NA 421 1644 697 298 NA NA NA NA
1557435600.0 1325.1 NA 208 164 0 NA NA NA NA NA NA 621 292 0 NA NA NA NA NA NA 631 810 334 NA NA NA NA NA NA 789 1433 467 NA NA NA NA NA
1557435600.0 1325.2 NA 146 353 0 NA NA NA NA NA NA 577 553 0 NA NA NA NA NA NA 670 2052 672 NA NA NA NA NA NA 1619 2908 1074 NA NA NA NA NA
1557435600.0 1325.3 NA 155 163 0 NA NA NA NA NA NA 578 250 0 NA NA NA NA NA NA 714 692 307 NA NA NA NA NA NA 541 838 480 NA NA NA NA NA
1557435600.0 1325.4 NA 156 346 0 NA NA NA NA NA NA 619 627 0 NA NA NA NA NA NA 634 2089 689 NA NA NA NA NA NA 933 3207 1157 NA NA NA NA NA
1557435600.0 1325.5 NA 161 0 NA NA NA NA NA NA NA 278 0 NA NA NA NA NA NA NA 4754 177 NA NA NA NA NA NA NA 6887 480 NA NA NA NA NA NA
1557435600.0 1325.51 NA 166 0 NA NA NA NA NA NA NA 260 0 NA NA NA NA NA NA NA 1589 156 NA NA NA NA NA NA NA 1730 303 NA NA NA NA NA NA
1557435600.0 1325.6 NA 184 NA NA NA NA NA NA NA NA 302 NA NA NA NA NA NA NA NA 4306 NA NA NA NA NA NA NA NA 6189 NA NA NA NA NA NA NA
1557435600.0 1325.7 NA 187 0 NA NA NA NA NA NA NA 304 0 NA NA NA NA NA NA NA 3975 135 NA NA NA NA NA NA NA 4787 273 NA NA NA NA NA NA
1557435600.0 1325.8 NA 181 0 NA NA NA NA NA NA NA 297 0 NA NA NA NA NA NA NA 4631 161 NA NA NA NA NA NA NA 7148 379 NA NA NA NA NA NA
1557435600.0 1326.0 NA 162 341 0 NA NA NA NA NA NA 623 530 0 NA NA NA NA NA NA 583 1880 676 NA NA NA NA NA NA 899 3348 906 NA NA NA NA NA
1557435600.0 1327.0 NA 144 340 0 NA NA NA NA NA NA 620 563 0 NA NA NA NA NA NA 612 1863 681 NA NA NA NA NA NA 1509 2757 1663 NA NA NA NA NA
1557435600.0 1328.0 NA 182 344 0 NA NA NA NA NA NA 620 533 0 NA NA NA NA NA NA 590 1898 665 NA NA NA NA NA NA 1371 2593 1577 NA NA NA NA NA
1557435600.0 1329.0 NA 172 345 0 NA NA NA NA NA NA 620 605 0 NA NA NA NA NA NA 584 1870 692 NA NA NA NA NA NA 797 3096 1173 NA NA NA NA NA
1557435600.0 1329.1 NA 177 0 NA NA NA NA NA NA NA 281 0 NA NA NA NA NA NA NA 5993 173 NA NA NA NA NA NA NA 7047 775 NA NA NA NA NA NA
1557435600.0 133.0 86 147 287 NA NA NA NA NA NA 210 551 589 NA NA NA NA NA NA 4509 595 2042 NA NA NA NA NA NA 2712 837 2534 NA NA NA NA NA NA
1557435600.0 1330.0 NA 163 387 0 NA NA NA NA NA NA 623 570 0 NA NA NA NA NA NA 601 2004 692 NA NA NA NA NA NA 744 3145 1132 NA NA NA NA NA
1557435600.0 1331.0 NA 142 343 0 NA NA NA NA NA NA 622 565 0 NA NA NA NA NA NA 573 1865 678 NA NA NA NA NA NA 1450 2439 1525 NA NA NA NA NA
1557435600.0 1332.0 NA 143 342 0 NA NA NA NA NA NA 619 595 0 NA NA NA NA NA NA 619 1920 659 NA NA NA NA NA NA 1828 3124 1340 NA NA NA NA NA
1557435600.0 1333.0 NA 171 344 0 NA NA NA NA NA NA 531 596 0 NA NA NA NA NA NA 586 1876 684 NA NA NA NA NA NA 874 2795 1278 NA NA NA NA NA
1557435600.0 1334.0 NA 158 345 0 NA NA NA NA NA NA 620 499 0 NA NA NA NA NA NA 580 1864 672 NA NA NA NA NA NA 1059 2101 1291 NA NA NA NA NA
1557435600.0 1335.0 NA 186 335 0 NA NA NA NA NA NA 622 586 0 NA NA NA NA NA NA 576 1861 669 NA NA NA NA NA NA 874 2902 1077 NA NA NA NA NA
1557435600.0 1336.0 NA 149 364 0 NA NA NA NA NA NA 575 542 0 NA NA NA NA NA NA 678 2794 698 NA NA NA NA NA NA 1208 5433 1298 NA NA NA NA NA
1557435600.0 1337.0 NA 154 361 0 NA NA NA NA NA NA 620 565 0 NA NA NA NA NA NA 730 2473 693 NA NA NA NA NA NA 1962 3028 1420 NA NA NA NA NA
1557435600.0 1338.0 NA 191 344 0 NA NA NA NA NA NA 620 565 0 NA NA NA NA NA NA 600 2066 676 NA NA NA NA NA NA 636 3102 1032 NA NA NA NA NA
1557435600.0 1339.0 NA 154 355 0 NA NA NA NA NA NA 576 566 0 NA NA NA NA NA NA 654 2242 683 NA NA NA NA NA NA 1283 2594 1407 NA NA NA NA NA
1557435600.0 134.0 NA 324 47 0 NA NA NA NA NA NA 534 90 0 NA NA NA NA NA NA 3489 191 74 NA NA NA NA NA NA 2567 368 159 NA NA NA NA NA
1557435600.0 134.701 NA 36 328 0 NA NA NA NA NA NA 104 529 0 NA NA NA NA NA NA 314 5046 749 NA NA NA NA NA NA 544 3525 969 NA NA NA NA NA
1557435600.0 134.702 NA 45 329 0 NA NA NA NA NA NA 103 596 0 NA NA NA NA NA NA 295 6376 746 NA NA NA NA NA NA 465 3475 1211 NA NA NA NA NA
1557435600.0 134.703 NA 40 344 0 NA NA NA NA NA NA 109 537 0 NA NA NA NA NA NA 283 6299 774 NA NA NA NA NA NA 419 3586 1161 NA NA NA NA NA
1557435600.0 134.704 NA 35 334 0 NA NA NA NA NA NA 110 553 0 NA NA NA NA NA NA 302 6130 739 NA NA NA NA NA NA 535 4921 997 NA NA NA NA NA
1557435600.0 134.705 NA 42 343 0 NA NA NA NA NA NA 108 541 0 NA NA NA NA NA NA 274 6540 789 NA NA NA NA NA NA 415 3638 884 NA NA NA NA NA
1557435600.0 134.706 NA 41 345 0 NA NA NA NA NA NA 108 561 0 NA NA NA NA NA NA 275 6615 798 NA NA NA NA NA NA 450 4226 950 NA NA NA NA NA
1557435600.0 134.707 NA 37 335 0 NA NA NA NA NA NA 104 613 0 NA NA NA NA NA NA 275 6228 725 NA NA NA NA NA NA 612 4068 935 NA NA NA NA NA
1557435600.0 134.708 NA 38 333 0 NA NA NA NA NA NA 105 590 0 NA NA NA NA NA NA 311 5979 732 NA NA NA NA NA NA 639 3591 1100 NA NA NA NA NA
1557435600.0 134.709 NA 38 517 0 NA NA NA NA NA NA 106 760 0 NA NA NA NA NA NA 306 6353 753 NA NA NA NA NA NA 547 3760 1188 NA NA NA NA NA
1557435600.0 134.71 NA 33 326 0 NA NA NA NA NA NA 97 532 0 NA NA NA NA NA NA 272 4438 751 NA NA NA NA NA NA 823 3832 1196 NA NA NA NA NA
1557435600.0 134.801 NA 39 330 0 NA NA NA NA NA NA 103 609 0 NA NA NA NA NA NA 295 4724 724 NA NA NA NA NA NA 617 4054 951 NA NA NA NA NA
1557435600.0 134.802 NA 37 339 0 NA NA NA NA NA NA 105 556 0 NA NA NA NA NA NA 303 7419 732 NA NA NA NA NA NA 621 3516 1002 NA NA NA NA NA
1557435600.0 134.803 NA 37 341 0 NA NA NA NA NA NA 105 519 0 NA NA NA NA NA NA 288 6819 744 NA NA NA NA NA NA 416 3875 1192 NA NA NA NA NA
1557435600.0 134.804 NA 45 350 0 NA NA NA NA NA NA 113 595 0 NA NA NA NA NA NA 327 7560 739 NA NA NA NA NA NA 711 4254 939 NA NA NA NA NA
1557435600.0 134.805 NA 46 344 0 NA NA NA NA NA NA 119 605 0 NA NA NA NA NA NA 303 7426 760 NA NA NA NA NA NA 588 3454 936 NA NA NA NA NA
1557435600.0 134.806 NA 35 349 0 NA NA NA NA NA NA 107 531 0 NA NA NA NA NA NA 320 7905 736 NA NA NA NA NA NA 770 3758 860 NA NA NA NA NA
1557435600.0 134.807 NA 104 370 0 NA NA NA NA NA NA 213 567 0 NA NA NA NA NA NA 1194 8196 885 NA NA NA NA NA NA 1002 4076 967 NA NA NA NA NA
1557435600.0 134.808 NA 102 377 0 NA NA NA NA NA NA 204 629 0 NA NA NA NA NA NA 1271 8509 827 NA NA NA NA NA NA 1319 4243 1059 NA NA NA NA NA
1557435600.0 134.809 NA 36 341 0 NA NA NA NA NA NA 97 594 0 NA NA NA NA NA NA 277 7135 765 NA NA NA NA NA NA 533 4154 1398 NA NA NA NA NA
1557435600.0 134.81 NA 34 338 0 NA NA NA NA NA NA 105 551 0 NA NA NA NA NA NA 314 7035 749 NA NA NA NA NA NA 620 3792 1039 NA NA NA NA NA
1557435600.0 134.811 NA 37 344 0 NA NA NA NA NA NA 110 560 0 NA NA NA NA NA NA 309 7535 750 NA NA NA NA NA NA 959 3962 1304 NA NA NA NA NA
1557435600.0 134.812 NA 36 324 0 NA NA NA NA NA NA 108 545 0 NA NA NA NA NA NA 372 4639 732 NA NA NA NA NA NA 973 3241 1184 NA NA NA NA NA
1557435600.0 134.813 NA 169 67 0 NA NA NA NA NA NA 285 120 0 NA NA NA NA NA NA 1030 239 306 NA NA NA NA NA NA 714 319 368 NA NA NA NA NA
1557435600.0 134.901 NA 34 328 0 NA NA NA NA NA NA 99 556 0 NA NA NA NA NA NA 292 4719 735 NA NA NA NA NA NA 701 3962 1181 NA NA NA NA NA
1557435600.0 134.902 NA 39 336 0 NA NA NA NA NA NA 112 529 0 NA NA NA NA NA NA 290 5995 721 NA NA NA NA NA NA 551 4426 949 NA NA NA NA NA
1557435600.0 134.903 NA 36 321 0 NA NA NA NA NA NA 102 551 0 NA NA NA NA NA NA 337 5573 752 NA NA NA NA NA NA 759 3398 993 NA NA NA NA NA
1557435600.0 134.904 NA 39 342 0 NA NA NA NA NA NA 104 609 0 NA NA NA NA NA NA 257 6583 729 NA NA NA NA NA NA 352 3850 1087 NA NA NA NA NA
1557435600.0 134.905 NA 39 336 0 NA NA NA NA NA NA 111 572 0 NA NA NA NA NA NA 328 5458 729 NA NA NA NA NA NA 873 4411 1138 NA NA NA NA NA
1557435600.0 134.906 NA 34 333 0 NA NA NA NA NA NA 105 540 0 NA NA NA NA NA NA 301 6234 751 NA NA NA NA NA NA 716 3685 1074 NA NA NA NA NA
1557435600.0 134.907 NA 91 359 0 NA NA NA NA NA NA 215 569 0 NA NA NA NA NA NA 956 6425 779 NA NA NA NA NA NA 932 3531 1237 NA NA NA NA NA
1557435600.0 134.908 NA 93 361 0 NA NA NA NA NA NA 210 564 0 NA NA NA NA NA NA 1018 6559 782 NA NA NA NA NA NA 890 3965 977 NA NA NA NA NA
1557435600.0 134.909 NA 34 331 0 NA NA NA NA NA NA 106 604 0 NA NA NA NA NA NA 297 5812 753 NA NA NA NA NA NA 1013 3204 1012 NA NA NA NA NA
1557435600.0 134.91 NA 36 328 0 NA NA NA NA NA NA 103 535 0 NA NA NA NA NA NA 288 5314 715 NA NA NA NA NA NA 455 4437 955 NA NA NA NA NA
1557435600.0 134.911 NA 36 333 0 NA NA NA NA NA NA 112 606 0 NA NA NA NA NA NA 312 5664 782 NA NA NA NA NA NA 645 3417 1612 NA NA NA NA NA
1557435600.0 134.912 NA 38 319 0 NA NA NA NA NA NA 111 587 0 NA NA NA NA NA NA 292 4504 739 NA NA NA NA NA NA 445 3661 931 NA NA NA NA NA
1557435600.0 134.99601 NA 36 343 0 NA NA NA NA NA NA 107 538 0 NA NA NA NA NA NA 306 8146 749 NA NA NA NA NA NA 403 3746 1744 NA NA NA NA NA
1557435600.0 134.99602 NA 44 331 0 NA NA NA NA NA NA 111 561 0 NA NA NA NA NA NA 349 5197 722 NA NA NA NA NA NA 975 4591 994 NA NA NA NA NA
1557435600.0 134.99603 NA 44 341 0 NA NA NA NA NA NA 115 563 0 NA NA NA NA NA NA 341 6804 757 NA NA NA NA NA NA 644 3574 1288 NA NA NA NA NA
1557435600.0 134.99901 NA 46 327 0 NA NA NA NA NA NA 119 589 0 NA NA NA NA NA NA 289 5433 748 NA NA NA NA NA NA 615 3913 895 NA NA NA NA NA
1557435600.0 1340.0 NA 138 340 0 NA NA NA NA NA NA 577 632 0 NA NA NA NA NA NA 621 1838 664 NA NA NA NA NA NA 2141 3112 1106 NA NA NA NA NA
1557435600.0 1341.0 NA 161 351 0 NA NA NA NA NA NA 575 553 0 NA NA NA NA NA NA 630 2101 688 NA NA NA NA NA NA 1233 2768 1157 NA NA NA NA NA
1557435600.0 1343.0 NA 194 351 0 NA NA NA NA NA NA 574 564 0 NA NA NA NA NA NA 617 1967 679 NA NA NA NA NA NA 731 2620 910 NA NA NA NA NA
1557435600.0 1344.0 NA 149 345 0 NA NA NA NA NA NA 577 542 0 NA NA NA NA NA NA 598 1948 683 NA NA NA NA NA NA 1219 1937 879 NA NA NA NA NA
1557435600.0 1345.0 NA 167 341 0 NA NA NA NA NA NA 576 606 0 NA NA NA NA NA NA 571 1937 659 NA NA NA NA NA NA 697 3189 1160 NA NA NA NA NA
1557435600.0 1347.0 NA 141 337 0 NA NA NA NA NA NA 621 544 0 NA NA NA NA NA NA 630 1925 684 NA NA NA NA NA NA 1573 2846 1277 NA NA NA NA NA
1557435600.0 1348.0 NA 140 345 0 NA NA NA NA NA NA 622 610 0 NA NA NA NA NA NA 583 1858 687 NA NA NA NA NA NA 941 3117 1267 NA NA NA NA NA
1557435600.0 1349.0 NA 151 349 0 NA NA NA NA NA NA 622 540 0 NA NA NA NA NA NA 594 1942 676 NA NA NA NA NA NA 1339 4325 1042 NA NA NA NA NA
1557435600.0 135.1 348 0 151 NA NA NA NA NA NA 787 0 240 NA NA NA NA NA NA 1292 230 520 NA NA NA NA NA NA 1005 291 573 NA NA NA NA NA NA
1557435600.0 135.11 337 0 132 NA NA NA NA NA NA 733 0 230 NA NA NA NA NA NA 1686 267 658 NA NA NA NA NA NA 1538 355 1026 NA NA NA NA NA NA
1557435600.0 135.12 323 0 148 NA NA NA NA NA NA 735 0 222 NA NA NA NA NA NA 1420 225 515 NA NA NA NA NA NA 1190 308 590 NA NA NA NA NA NA
1557435600.0 135.13 349 0 NA NA NA NA NA NA NA 730 0 NA NA NA NA NA NA NA 1362 336 NA NA NA NA NA NA NA 1333 699 NA NA NA NA NA NA NA
1557435600.0 135.2 273 0 141 NA NA NA NA NA NA 784 0 222 NA NA NA NA NA NA 1505 256 626 NA NA NA NA NA NA 2286 374 876 NA NA NA NA NA NA
1557435600.0 135.3 282 0 140 NA NA NA NA NA NA 742 0 215 NA NA NA NA NA NA 1316 258 790 NA NA NA NA NA NA 1417 396 1344 NA NA NA NA NA NA
1557435600.0 135.4 321 0 129 NA NA NA NA NA NA 741 0 222 NA NA NA NA NA NA 1460 287 629 NA NA NA NA NA NA 1484 430 1344 NA NA NA NA NA NA
1557435600.0 135.5 340 0 147 NA NA NA NA NA NA 784 0 215 NA NA NA NA NA NA 1235 250 473 NA NA NA NA NA NA 994 310 529 NA NA NA NA NA NA
1557435600.0 135.6 349 0 131 NA NA NA NA NA NA 780 0 225 NA NA NA NA NA NA 1577 346 825 NA NA NA NA NA NA 2109 1159 1044 NA NA NA NA NA NA
1557435600.0 135.7 341 0 131 NA NA NA NA NA NA 733 0 226 NA NA NA NA NA NA 1325 246 590 NA NA NA NA NA NA 1533 319 1343 NA NA NA NA NA NA
1557435600.0 135.8 150 NA NA NA NA NA NA NA NA 252 NA NA NA NA NA NA NA NA 499 NA NA NA NA NA NA NA NA 880 NA NA NA NA NA NA NA NA
1557435600.0 135.9 339 0 130 NA NA NA NA NA NA 784 0 229 NA NA NA NA NA NA 1233 303 597 NA NA NA NA NA NA 1382 966 1204 NA NA NA NA NA NA
1557435600.0 1350.0 NA 141 341 0 NA NA NA NA NA NA 576 553 0 NA NA NA NA NA NA 626 1880 682 NA NA NA NA NA NA 1661 2286 1042 NA NA NA NA NA
1557435600.0 1351.0 NA 146 344 0 NA NA NA NA NA NA 623 540 0 NA NA NA NA NA NA 563 1810 662 NA NA NA NA NA NA 1038 2126 754 NA NA NA NA NA
1557435600.0 1352.0 NA 144 341 0 NA NA NA NA NA NA 623 575 0 NA NA NA NA NA NA 645 1963 679 NA NA NA NA NA NA 2116 2720 1352 NA NA NA NA NA
1557435600.0 1353.0 NA 142 361 0 NA NA NA NA NA NA 622 576 0 NA NA NA NA NA NA 643 1936 644 NA NA NA NA NA NA 1006 2316 775 NA NA NA NA NA
1557435600.0 1354.0 NA 138 345 0 NA NA NA NA NA NA 578 553 0 NA NA NA NA NA NA 612 1974 660 NA NA NA NA NA NA 2195 3464 791 NA NA NA NA NA
1557435600.0 1355.0 NA 154 347 0 NA NA NA NA NA NA 576 590 0 NA NA NA NA NA NA 609 1998 679 NA NA NA NA NA NA 683 2726 1341 NA NA NA NA NA
1557435600.0 1356.0 94 215 353 0 141 NA NA NA NA 179 603 666 0 232 NA NA NA NA 2253 554 1968 651 578 NA NA NA NA 1538 430 2542 721 698 NA NA NA NA
1557435600.0 136.721 NA 92 336 0 NA NA NA NA NA NA 163 612 0 NA NA NA NA NA NA 579 7226 869 NA NA NA NA NA NA 1130 3637 1039 NA NA NA NA NA
1557435600.0 136.722 NA 101 357 0 NA NA NA NA NA NA 171 650 0 NA NA NA NA NA NA 574 8133 880 NA NA NA NA NA NA 771 4405 983 NA NA NA NA NA
1557435600.0 136.723 NA 100 341 0 NA NA NA NA NA NA 175 566 0 NA NA NA NA NA NA 688 7695 870 NA NA NA NA NA NA 826 3560 1016 NA NA NA NA NA
1557435600.0 136.724 NA 91 361 0 NA NA NA NA NA NA 170 692 0 NA NA NA NA NA NA 618 9268 876 NA NA NA NA NA NA 1466 4542 1470 NA NA NA NA NA
1557435600.0 136.725 NA 99 370 0 NA NA NA NA NA NA 164 666 0 NA NA NA NA NA NA 619 8234 878 NA NA NA NA NA NA 861 4109 969 NA NA NA NA NA
1557435600.0 136.726 NA 93 349 0 NA NA NA NA NA NA 175 612 0 NA NA NA NA NA NA 679 8458 888 NA NA NA NA NA NA 1463 4358 1293 NA NA NA NA NA
1557435600.0 136.727 NA 141 361 0 NA NA NA NA NA NA 305 669 0 NA NA NA NA NA NA 1431 8538 906 NA NA NA NA NA NA 2111 4581 1266 NA NA NA NA NA
1557435600.0 136.728 NA 148 369 0 NA NA NA NA NA NA 282 640 0 NA NA NA NA NA NA 1671 9334 871 NA NA NA NA NA NA 1888 4978 993 NA NA NA NA NA
1557435600.0 136.729 NA 91 346 0 NA NA NA NA NA NA 161 616 0 NA NA NA NA NA NA 538 8159 868 NA NA NA NA NA NA 1558 4237 1090 NA NA NA NA NA
1557435600.0 136.73 NA 99 383 0 NA NA NA NA NA NA 176 628 0 NA NA NA NA NA NA 673 8374 857 NA NA NA NA NA NA 887 3773 988 NA NA NA NA NA
1557435600.0 136.731 NA 92 382 0 NA NA NA NA NA NA 171 718 0 NA NA NA NA NA NA 611 8442 877 NA NA NA NA NA NA 979 4109 1209 NA NA NA NA NA
1557435600.0 136.732 NA 93 331 0 NA NA NA NA NA NA 172 564 0 NA NA NA NA NA NA 542 6534 880 NA NA NA NA NA NA 973 3280 1128 NA NA NA NA NA
1557435600.0 136.733 NA 175 80 0 NA NA NA NA NA NA 292 126 0 NA NA NA NA NA NA 1238 321 338 NA NA NA NA NA NA 2735 510 1080 NA NA NA NA NA
1557435600.0 136.734 NA 100 344 0 NA NA NA NA NA NA 179 627 0 NA NA NA NA NA NA 778 8359 893 NA NA NA NA NA NA 870 3818 1376 NA NA NA NA NA
1557435600.0 136.735 NA 91 281 0 NA NA NA NA NA NA 166 569 0 NA NA NA NA NA NA 883 2786 724 NA NA NA NA NA NA 2516 4096 1428 NA NA NA NA NA
1557435600.0 136.736 NA 95 350 0 NA NA NA NA NA NA 176 615 0 NA NA NA NA NA NA 723 11739 890 NA NA NA NA NA NA 1420 5540 2030 NA NA NA NA NA
1557435600.0 136.737 NA 91 373 0 NA NA NA NA NA NA 171 671 0 NA NA NA NA NA NA 678 13163 830 NA NA NA NA NA NA 1283 7858 973 NA NA NA NA NA
1557435600.0 136.738 NA 90 351 0 NA NA NA NA NA NA 166 653 0 NA NA NA NA NA NA 874 12843 889 NA NA NA NA NA NA 1418 5371 1528 NA NA NA NA NA
1557435600.0 136.739 NA 91 377 0 NA NA NA NA NA NA 163 727 0 NA NA NA NA NA NA 732 14834 881 NA NA NA NA NA NA 1273 8352 1779 NA NA NA NA NA
1557435600.0 136.74 NA 93 395 0 NA NA NA NA NA NA 173 705 0 NA NA NA NA NA NA 701 13327 859 NA NA NA NA NA NA 1337 6671 1017 NA NA NA NA NA
1557435600.0 136.741 NA 90 362 0 NA NA NA NA NA NA 179 672 0 NA NA NA NA NA NA 766 13168 872 NA NA NA NA NA NA 2210 6119 2237 NA NA NA NA NA
1557435600.0 136.742 NA 89 360 0 NA NA NA NA NA NA 172 670 0 NA NA NA NA NA NA 725 12354 879 NA NA NA NA NA NA 2176 5878 1752 NA NA NA NA NA
1557435600.0 136.743 NA 90 383 0 NA NA NA NA NA NA 172 605 0 NA NA NA NA NA NA 782 11658 871 NA NA NA NA NA NA 1755 5791 1539 NA NA NA NA NA
1557435600.0 136.744 NA 89 387 0 NA NA NA NA NA NA 175 713 0 NA NA NA NA NA NA 710 13250 850 NA NA NA NA NA NA 2158 8383 1113 NA NA NA NA NA
1557435600.0 136.745 NA 94 343 0 NA NA NA NA NA NA 172 574 0 NA NA NA NA NA NA 664 9497 887 NA NA NA NA NA NA 1312 5428 1491 NA NA NA NA NA
1557435600.0 136.746 NA 91 348 0 NA NA NA NA NA NA 178 659 0 NA NA NA NA NA NA 841 12557 895 NA NA NA NA NA NA 2304 6111 1775 NA NA NA NA NA
1557435600.0 136.747 NA 92 354 0 NA NA NA NA NA NA 180 608 0 NA NA NA NA NA NA 686 11803 886 NA NA NA NA NA NA 1431 5846 1063 NA NA NA NA NA
1557435600.0 136.748 NA 92 370 0 NA NA NA NA NA NA 174 616 0 NA NA NA NA NA NA 666 11984 879 NA NA NA NA NA NA 1790 5882 1592 NA NA NA NA NA
1557435600.0 136.749 NA 89 358 0 NA NA NA NA NA NA 169 647 0 NA NA NA NA NA NA 940 13297 892 NA NA NA NA NA NA 2548 6158 1425 NA NA NA NA NA
1557435600.0 136.75 NA 98 385 0 NA NA NA NA NA NA 165 637 0 NA NA NA NA NA NA 774 14697 828 NA NA NA NA NA NA 1660 8609 1041 NA NA NA NA NA
1557435600.0 136.751 NA 99 393 0 NA NA NA NA NA NA 172 734 0 NA NA NA NA NA NA 749 15174 896 NA NA NA NA NA NA 1803 6705 1556 NA NA NA NA NA
1557435600.0 136.752 NA 96 368 0 NA NA NA NA NA NA 180 576 0 NA NA NA NA NA NA 786 13096 894 NA NA NA NA NA NA 1420 8228 1241 NA NA NA NA NA
1557435600.0 136.753 NA 90 364 0 NA NA NA NA NA NA 158 638 0 NA NA NA NA NA NA 704 12293 878 NA NA NA NA NA NA 2058 6514 1362 NA NA NA NA NA
1557435600.0 136.754 NA 97 383 0 NA NA NA NA NA NA 169 609 0 NA NA NA NA NA NA 726 10505 896 NA NA NA NA NA NA 1420 4756 1061 NA NA NA NA NA
1557435600.0 136.755 NA 90 383 0 NA NA NA NA NA NA 174 650 0 NA NA NA NA NA NA 723 14336 889 NA NA NA NA NA NA 1772 6851 1592 NA NA NA NA NA
1557435600.0 136.756 NA 94 344 0 NA NA NA NA NA NA 171 576 0 NA NA NA NA NA NA 608 8809 872 NA NA NA NA NA NA 1158 4155 1013 NA NA NA NA NA
1557435600.0 136.757 NA 94 358 0 NA NA NA NA NA NA 176 589 0 NA NA NA NA NA NA 853 12070 916 NA NA NA NA NA NA 1427 6064 1508 NA NA NA NA NA
1557435600.0 136.758 NA 91 367 0 NA NA NA NA NA NA 176 601 0 NA NA NA NA NA NA 778 14270 871 NA NA NA NA NA NA 1769 6813 1520 NA NA NA NA NA
1557435600.0 136.759 NA 99 384 0 NA NA NA NA NA NA 161 664 0 NA NA NA NA NA NA 703 16063 873 NA NA NA NA NA NA 1680 6605 1288 NA NA NA NA NA
1557435600.0 136.76 NA 99 370 0 NA NA NA NA NA NA 168 669 0 NA NA NA NA NA NA 830 17767 861 NA NA NA NA NA NA 1803 7494 1274 NA NA NA NA NA
1557435600.0 136.761 NA 98 427 0 NA NA NA NA NA NA 166 648 0 NA NA NA NA NA NA 653 21016 856 NA NA NA NA NA NA 564 9503 1116 NA NA NA NA NA
1557435600.0 136.7611 NA 178 0 NA NA NA NA NA NA NA 291 0 NA NA NA NA NA NA NA 5380 184 NA NA NA NA NA NA NA 6908 852 NA NA NA NA NA NA
1557435600.0 136.762 NA 95 421 0 NA NA NA NA NA NA 174 657 0 NA NA NA NA NA NA 670 22434 1274 NA NA NA NA NA NA 928 12745 1811 NA NA NA NA NA
1557435600.0 136.763 NA 100 368 0 NA NA NA NA NA NA 172 618 0 NA NA NA NA NA NA 813 17232 899 NA NA NA NA NA NA 1803 7003 1517 NA NA NA NA NA
1557435600.0 136.764 NA 100 366 0 NA NA NA NA NA NA 161 639 0 NA NA NA NA NA NA 700 16820 859 NA NA NA NA NA NA 1679 7214 1177 NA NA NA NA NA
1557435600.0 136.765 NA 90 389 0 NA NA NA NA NA NA 165 605 0 NA NA NA NA NA NA 780 14801 949 NA NA NA NA NA NA 1427 6716 3155 NA NA NA NA NA
1557435600.0 136.766 NA 97 390 0 NA NA NA NA NA NA 175 750 0 NA NA NA NA NA NA 764 17040 872 NA NA NA NA NA NA 1762 7723 1407 NA NA NA NA NA
1557435600.0 136.767 NA 89 344 0 NA NA NA NA NA NA 167 590 0 NA NA NA NA NA NA 728 12525 886 NA NA NA NA NA NA 2160 5788 1725 NA NA NA NA NA
1557435600.0 136.768 NA 91 381 0 NA NA NA NA NA NA 172 680 0 NA NA NA NA NA NA 894 16211 920 NA NA NA NA NA NA 1392 7897 2022 NA NA NA NA NA
1557435600.0 136.769 NA 95 355 0 NA NA NA NA NA NA 168 611 0 NA NA NA NA NA NA 781 11155 889 NA NA NA NA NA NA 1408 5505 1376 NA NA NA NA NA
1557435600.0 136.77 NA 91 370 0 NA NA NA NA NA NA 165 682 0 NA NA NA NA NA NA 692 12155 876 NA NA NA NA NA NA 1423 5824 1518 NA NA NA NA NA
1557435600.0 136.771 NA 91 349 0 NA NA NA NA NA NA 166 618 0 NA NA NA NA NA NA 854 11290 852 NA NA NA NA NA NA 2374 5538 1408 NA NA NA NA NA
1557435600.0 136.772 NA 93 377 0 NA NA NA NA NA NA 177 687 0 NA NA NA NA NA NA 731 13627 906 NA NA NA NA NA NA 1724 6375 2161 NA NA NA NA NA
1557435600.0 136.7721 NA 173 0 NA NA NA NA NA NA NA 292 0 NA NA NA NA NA NA NA 4996 169 NA NA NA NA NA NA NA 6471 495 NA NA NA NA NA NA
1557435600.0 136.7722 NA 167 0 NA NA NA NA NA NA NA 283 0 NA NA NA NA NA NA NA 5662 178 NA NA NA NA NA NA NA 6662 880 NA NA NA NA NA NA
1557435600.0 136.773 NA 91 382 0 NA NA NA NA NA NA 180 754 0 NA NA NA NA NA NA 738 12308 865 NA NA NA NA NA NA 2115 7129 1408 NA NA NA NA NA
1557435600.0 136.774 NA 92 366 0 NA NA NA NA NA NA 180 661 0 NA NA NA NA NA NA 785 12226 871 NA NA NA NA NA NA 1786 5924 1440 NA NA NA NA NA
1557435600.0 136.775 NA 89 360 0 NA NA NA NA NA NA 162 586 0 NA NA NA NA NA NA 673 11128 866 NA NA NA NA NA NA 1432 6055 1196 NA NA NA NA NA
1557435600.0 136.776 NA 93 371 0 NA NA NA NA NA NA 175 600 0 NA NA NA NA NA NA 699 10691 874 NA NA NA NA NA NA 1477 4942 1199 NA NA NA NA NA
1557435600.0 136.777 NA 90 383 0 NA NA NA NA NA NA 169 691 0 NA NA NA NA NA NA 667 12607 846 NA NA NA NA NA NA 1601 6135 1038 NA NA NA NA NA
1557435600.0 136.778 NA 91 341 0 NA NA NA NA NA NA 163 585 0 NA NA NA NA NA NA 609 8044 873 NA NA NA NA NA NA 982 4630 1403 NA NA NA NA NA
1557435600.0 136.779 NA 92 356 0 NA NA NA NA NA NA 171 627 0 NA NA NA NA NA NA 882 11707 926 NA NA NA NA NA NA 1465 7162 1833 NA NA NA NA NA
1557435600.0 136.78 NA 116 421 0 NA NA NA NA NA NA 194 706 0 NA NA NA NA NA NA 694 15501 1099 NA NA NA NA NA NA 1012 9079 2108 NA NA NA NA NA
1557435600.0 136.7801 NA 108 0 NA NA NA NA NA NA NA 184 0 NA NA NA NA NA NA NA 461 283 NA NA NA NA NA NA NA 749 579 NA NA NA NA NA NA
1557435600.0 136.7802 NA 68 0 NA NA NA NA NA NA NA 134 0 NA NA NA NA NA NA NA 321 189 NA NA NA NA NA NA NA 494 468 NA NA NA NA NA NA
1557435600.0 136.7803 NA 102 0 NA NA NA NA NA NA NA 176 0 NA NA NA NA NA NA NA 613 256 NA NA NA NA NA NA NA 1486 1213 NA NA NA NA NA NA
1557435600.0 136.781 NA 112 425 0 NA NA NA NA NA NA 190 818 0 NA NA NA NA NA NA 604 17124 1123 NA NA NA NA NA NA 1033 7081 1953 NA NA NA NA NA
1557435600.0 136.782 NA 115 420 0 NA NA NA NA NA NA 189 705 0 NA NA NA NA NA NA 818 17670 1054 NA NA NA NA NA NA 1310 7004 1142 NA NA NA NA NA
1557435600.0 136.783 NA 120 465 0 NA NA NA NA NA NA 188 745 0 NA NA NA NA NA NA 636 25078 1055 NA NA NA NA NA NA 893 8995 1131 NA NA NA NA NA
1557435600.0 136.784 NA 121 440 0 NA NA NA NA NA NA 204 756 0 NA NA NA NA NA NA 582 20314 1041 NA NA NA NA NA NA 919 7601 1151 NA NA NA NA NA
1557435600.0 136.785 NA 117 434 0 NA NA NA NA NA NA 194 680 0 NA NA NA NA NA NA 730 20500 1336 NA NA NA NA NA NA 949 9398 1480 NA NA NA NA NA
1557435600.0 136.786 NA 119 422 0 NA NA NA NA NA NA 189 774 0 NA NA NA NA NA NA 655 17497 1078 NA NA NA NA NA NA 1628 7648 1216 NA NA NA NA NA
1557435600.0 136.787 NA 122 472 0 NA NA NA NA NA NA 193 864 0 NA NA NA NA NA NA 745 16841 1082 NA NA NA NA NA NA 1691 7182 1455 NA NA NA NA NA
1557435600.0 136.788 NA 119 455 0 NA NA NA NA NA NA 195 745 0 NA NA NA NA NA NA 640 25095 1041 NA NA NA NA NA NA 924 8749 1167 NA NA NA NA NA
1557435600.0 136.789 NA 113 403 0 NA NA NA NA NA NA 195 777 0 NA NA NA NA NA NA 631 15693 1128 NA NA NA NA NA NA 969 6852 1958 NA NA NA NA NA
1557435600.0 136.79 NA 118 404 0 NA NA NA NA NA NA 200 788 0 NA NA NA NA NA NA 819 10342 1105 NA NA NA NA NA NA 1298 4791 1298 NA NA NA NA NA
1557435600.0 136.791 NA 114 337 0 NA NA NA NA NA NA 190 527 0 NA NA NA NA NA NA 768 2883 966 NA NA NA NA NA NA 1161 2639 1048 NA NA NA NA NA
1557435600.0 136.792 NA 120 407 0 NA NA NA NA NA NA 198 678 0 NA NA NA NA NA NA 802 13062 1130 NA NA NA NA NA NA 1664 7266 1746 NA NA NA NA NA
1557435600.0 136.793 NA 117 417 0 NA NA NA NA NA NA 204 705 0 NA NA NA NA NA NA 775 13699 1154 NA NA NA NA NA NA 1764 6317 1899 NA NA NA NA NA
1557435600.0 136.794 NA 118 410 0 NA NA NA NA NA NA 209 673 0 NA NA NA NA NA NA 853 14044 1203 NA NA NA NA NA NA 1724 7136 2224 NA NA NA NA NA
1557435600.0 136.795 NA 120 433 0 NA NA NA NA NA NA 187 749 0 NA NA NA NA NA NA 710 14869 1133 NA NA NA NA NA NA 1604 7033 1781 NA NA NA NA NA
1557435600.0 136.7952 NA 184 0 NA NA NA NA NA NA NA 304 0 NA NA NA NA NA NA NA 2881 159 NA NA NA NA NA NA NA 2117 418 NA NA NA NA NA NA
1557435600.0 136.796 NA 115 437 0 NA NA NA NA NA NA 198 806 0 NA NA NA NA NA NA 690 14053 1112 NA NA NA NA NA NA 1328 7717 1220 NA NA NA NA NA
1557435600.0 136.797 NA 124 422 0 NA NA NA NA NA NA 195 698 0 NA NA NA NA NA NA 776 15398 1151 NA NA NA NA NA NA 1803 7016 1307 NA NA NA NA NA
1557435600.0 136.798 NA 122 419 0 NA NA NA NA NA NA 196 699 0 NA NA NA NA NA NA 624 14219 1295 NA NA NA NA NA NA 1678 7280 3826 NA NA NA NA NA
1557435600.0 136.799 NA 114 467 0 NA NA NA NA NA NA 202 822 0 NA NA NA NA NA NA 783 13854 1137 NA NA NA NA NA NA 1346 6530 1318 NA NA NA NA NA
1557435600.0 136.8 NA 124 435 0 NA NA NA NA NA NA 193 802 0 NA NA NA NA NA NA 728 15626 1206 NA NA NA NA NA NA 1793 6598 1560 NA NA NA NA NA
1557435600.0 136.801 NA 122 389 0 NA NA NA NA NA NA 191 676 0 NA NA NA NA NA NA 587 9576 1163 NA NA NA NA NA NA 817 6133 1409 NA NA NA NA NA
1557435600.0 136.802 NA 113 398 0 NA NA NA NA NA NA 197 730 0 NA NA NA NA NA NA 823 12887 1141 NA NA NA NA NA NA 1804 5753 1265 NA NA NA NA NA
1557435600.0 136.803 NA 114 336 0 NA NA NA NA NA NA 206 589 0 NA NA NA NA NA NA 703 2832 1005 NA NA NA NA NA NA 1367 2625 1090 NA NA NA NA NA
1557435600.0 136.804 NA 115 406 0 NA NA NA NA NA NA 195 696 0 NA NA NA NA NA NA 784 13196 1164 NA NA NA NA NA NA 1282 5523 1338 NA NA NA NA NA
1557435600.0 136.805 NA 121 429 0 NA NA NA NA NA NA 196 762 0 NA NA NA NA NA NA 711 14638 1171 NA NA NA NA NA NA 1658 7222 1604 NA NA NA NA NA
1557435600.0 136.806 NA 120 406 0 NA NA NA NA NA NA 197 720 0 NA NA NA NA NA NA 852 13422 1232 NA NA NA NA NA NA 1660 6639 2735 NA NA NA NA NA
1557435600.0 136.807 NA 113 431 0 NA NA NA NA NA NA 187 750 0 NA NA NA NA NA NA 663 15463 1216 NA NA NA NA NA NA 1043 6913 2259 NA NA NA NA NA
1557435600.0 136.808 NA 122 440 0 NA NA NA NA NA NA 191 786 0 NA NA NA NA NA NA 690 14852 1180 NA NA NA NA NA NA 1724 7202 1507 NA NA NA NA NA
1557435600.0 136.809 NA 118 414 0 NA NA NA NA NA NA 199 743 0 NA NA NA NA NA NA 876 14423 1170 NA NA NA NA NA NA 1695 6338 1513 NA NA NA NA NA
1557435600.0 136.81 NA 113 411 0 NA NA NA NA NA NA 190 677 0 NA NA NA NA NA NA 674 13506 1190 NA NA NA NA NA NA 1653 6166 2625 NA NA NA NA NA
1557435600.0 136.811 NA 115 469 0 NA NA NA NA NA NA 198 817 0 NA NA NA NA NA NA 693 13538 1241 NA NA NA NA NA NA 1323 5823 1469 NA NA NA NA NA
1557435600.0 136.812 NA 125 443 0 NA NA NA NA NA NA 203 792 0 NA NA NA NA NA NA 709 15956 1182 NA NA NA NA NA NA 1744 6633 1526 NA NA NA NA NA
1557435600.0 136.813 NA 115 395 0 NA NA NA NA NA NA 190 716 0 NA NA NA NA NA NA 601 9736 1216 NA NA NA NA NA NA 1411 5384 1514 NA NA NA NA NA
1557435600.0 136.814 NA 118 412 0 NA NA NA NA NA NA 186 768 0 NA NA NA NA NA NA 892 13899 1153 NA NA NA NA NA NA 1731 7347 1357 NA NA NA NA NA
1557435600.0 136.815 NA 117 343 0 NA NA NA NA NA NA 195 571 0 NA NA NA NA NA NA 674 3000 1032 NA NA NA NA NA NA 1718 2626 1154 NA NA NA NA NA
1557435600.0 136.816 NA 128 431 0 NA NA NA NA NA NA 199 768 0 NA NA NA NA NA NA 665 19374 1087 NA NA NA NA NA NA 919 6824 1393 NA NA NA NA NA
1557435600.0 136.817 NA 122 430 0 NA NA NA NA NA NA 191 714 0 NA NA NA NA NA NA 611 18554 1321 NA NA NA NA NA NA 1977 8049 1727 NA NA NA NA NA
1557435600.0 136.818 NA 118 432 0 NA NA NA NA NA NA 190 679 0 NA NA NA NA NA NA 750 21254 1440 NA NA NA NA NA NA 1154 7041 1640 NA NA NA NA NA
1557435600.0 136.819 NA 120 443 0 NA NA NA NA NA NA 195 693 0 NA NA NA NA NA NA 623 26796 1266 NA NA NA NA NA NA 627 9651 1507 NA NA NA NA NA
1557435600.0 136.82 NA 120 454 0 NA NA NA NA NA NA 192 803 0 NA NA NA NA NA NA 637 20832 1129 NA NA NA NA NA NA 555 7148 2958 NA NA NA NA NA
1557435600.0 136.821 NA 117 431 0 NA NA NA NA NA NA 190 685 0 NA NA NA NA NA NA 726 21310 1486 NA NA NA NA NA NA 1066 7398 1680 NA NA NA NA NA
1557435600.0 136.822 NA 122 433 0 NA NA NA NA NA NA 184 719 0 NA NA NA NA NA NA 588 17749 1675 NA NA NA NA NA NA 815 6158 2152 NA NA NA NA NA
1557435600.0 136.823 NA 123 485 0 NA NA NA NA NA NA 187 840 0 NA NA NA NA NA NA 767 17744 1218 NA NA NA NA NA NA 1762 6959 1551 NA NA NA NA NA
1557435600.0 136.824 NA 118 464 0 NA NA NA NA NA NA 201 837 0 NA NA NA NA NA NA 601 22337 1127 NA NA NA NA NA NA 549 8016 1412 NA NA NA NA NA
1557435600.0 136.825 NA 120 415 0 NA NA NA NA NA NA 190 706 0 NA NA NA NA NA NA 682 12954 1270 NA NA NA NA NA NA 1583 6840 3489 NA NA NA NA NA
1557435600.0 136.826 NA 117 418 0 NA NA NA NA NA NA 202 712 0 NA NA NA NA NA NA 721 18350 1139 NA NA NA NA NA NA 645 7216 1221 NA NA NA NA NA
1557435600.0 136.827 NA 115 340 0 NA NA NA NA NA NA 199 571 0 NA NA NA NA NA NA 630 3133 1049 NA NA NA NA NA NA 912 2724 1627 NA NA NA NA NA
1557435600.0 136.828 NA 116 437 0 NA NA NA NA NA NA 195 725 0 NA NA NA NA NA NA 727 22525 1163 NA NA NA NA NA NA 1774 7492 1259 NA NA NA NA NA
1557435600.0 136.829 NA 119 448 0 NA NA NA NA NA NA 194 775 0 NA NA NA NA NA NA 540 23043 1244 NA NA NA NA NA NA 770 7587 1496 NA NA NA NA NA
1557435600.0 136.83 NA 123 442 0 NA NA NA NA NA NA 197 719 0 NA NA NA NA NA NA 745 19596 1147 NA NA NA NA NA NA 812 6653 1227 NA NA NA NA NA
1557435600.0 136.831 NA 120 452 0 NA NA NA NA NA NA 201 752 0 NA NA NA NA NA NA 643 21888 1276 NA NA NA NA NA NA 826 8754 1631 NA NA NA NA NA
1557435600.0 136.8311 NA 176 0 NA NA NA NA NA NA NA 300 0 NA NA NA NA NA NA NA 2089 161 NA NA NA NA NA NA NA 1651 294 NA NA NA NA NA NA
1557435600.0 136.832 NA 115 503 0 NA NA NA NA NA NA 187 787 0 NA NA NA NA NA NA 675 23151 1142 NA NA NA NA NA NA 1433 8772 1317 NA NA NA NA NA
1557435600.0 136.833 NA 121 430 0 NA NA NA NA NA NA 205 692 0 NA NA NA NA NA NA 674 20562 1159 NA NA NA NA NA NA 953 7529 1342 NA NA NA NA NA
1557435600.0 136.834 NA 117 435 0 NA NA NA NA NA NA 196 707 0 NA NA NA NA NA NA 716 19775 1469 NA NA NA NA NA NA 1330 8812 1635 NA NA NA NA NA
1557435600.0 136.835 NA 118 520 0 NA NA NA NA NA NA 185 833 0 NA NA NA NA NA NA 706 23447 1391 NA NA NA NA NA NA 1112 8422 1527 NA NA NA NA NA
1557435600.0 136.836 NA 127 461 0 NA NA NA NA NA NA 188 798 0 NA NA NA NA NA NA 642 21085 1116 NA NA NA NA NA NA 611 7772 1248 NA NA NA NA NA
1557435600.0 136.837 NA 123 425 0 NA NA NA NA NA NA 208 699 0 NA NA NA NA NA NA 704 15188 1184 NA NA NA NA NA NA 1582 8858 1594 NA NA NA NA NA
1557435600.0 136.838 NA 116 427 0 NA NA NA NA NA NA 196 692 0 NA NA NA NA NA NA 784 19839 1494 NA NA NA NA NA NA 1810 8369 1658 NA NA NA NA NA
1557435600.0 136.839 NA 122 336 0 NA NA NA NA NA NA 209 574 0 NA NA NA NA NA NA 718 3311 1063 NA NA NA NA NA NA 1426 5322 1471 NA NA NA NA NA
1557435600.0 136.8391 NA 145 436 0 NA NA NA NA NA NA 245 728 0 NA NA NA NA NA NA 9040 17981 1084 NA NA NA NA NA NA 20437 6387 1529 NA NA NA NA NA
1557435600.0 136.84 NA 124 429 0 NA NA NA NA NA NA 202 749 0 NA NA NA NA NA NA 815 16248 1168 NA NA NA NA NA NA 1793 6616 1402 NA NA NA NA NA
1557435600.0 136.841 NA 126 430 0 NA NA NA NA NA NA 199 730 0 NA NA NA NA NA NA 706 20396 1257 NA NA NA NA NA NA 1754 7200 1382 NA NA NA NA NA
1557435600.0 136.842 NA 117 460 0 NA NA NA NA NA NA 202 743 0 NA NA NA NA NA NA 640 21424 1128 NA NA NA NA NA NA 814 7080 1264 NA NA NA NA NA
1557435600.0 136.843 NA 114 443 0 NA NA NA NA NA NA 189 758 0 NA NA NA NA NA NA 647 24402 1189 NA NA NA NA NA NA 1433 8515 1356 NA NA NA NA NA
1557435600.0 136.844 NA 119 428 0 NA NA NA NA NA NA 195 743 0 NA NA NA NA NA NA 888 15605 1089 NA NA NA NA NA NA 1729 6861 2504 NA NA NA NA NA
1557435600.0 136.845 NA 116 409 0 NA NA NA NA NA NA 201 710 0 NA NA NA NA NA NA 794 13650 1119 NA NA NA NA NA NA 1364 6679 1264 NA NA NA NA NA
1557435600.0 136.846 NA 114 412 0 NA NA NA NA NA NA 198 727 0 NA NA NA NA NA NA 819 12983 1228 NA NA NA NA NA NA 1376 6066 1582 NA NA NA NA NA
1557435600.0 136.847 NA 118 433 0 NA NA NA NA NA NA 202 656 0 NA NA NA NA NA NA 747 18530 1096 NA NA NA NA NA NA 841 7439 1320 NA NA NA NA NA
1557435600.0 136.848 NA 122 436 0 NA NA NA NA NA NA 207 673 0 NA NA NA NA NA NA 728 25584 1644 NA NA NA NA NA NA 607 8787 2123 NA NA NA NA NA
1557435600.0 136.849 NA 240 443 0 NA NA NA NA NA NA 399 719 0 NA NA NA NA NA NA 3253 12229 1385 NA NA NA NA NA NA 2354 4818 1466 NA NA NA NA NA
1557435600.0 136.85 NA 256 503 0 NA NA NA NA NA NA 391 839 0 NA NA NA NA NA NA 3309 13895 1339 NA NA NA NA NA NA 2196 5206 1538 NA NA NA NA NA
1557435600.0 136.851 NA 246 458 0 NA NA NA NA NA NA 390 698 0 NA NA NA NA NA NA 3608 13502 1420 NA NA NA NA NA NA 2673 5213 1492 NA NA NA NA NA
1557435600.0 136.852 NA 246 481 0 NA NA NA NA NA NA 403 751 0 NA NA NA NA NA NA 3682 15200 1371 NA NA NA NA NA NA 3431 5409 1434 NA NA NA NA NA
1557435600.0 136.8521 NA 170 0 NA NA NA NA NA NA NA 277 0 NA NA NA NA NA NA NA 2555 162 NA NA NA NA NA NA NA 3244 413 NA NA NA NA NA NA
1557435600.0 136.853 NA 247 474 0 NA NA NA NA NA NA 381 764 0 NA NA NA NA NA NA 3385 14209 1409 NA NA NA NA NA NA 3207 5297 1492 NA NA NA NA NA
1557435600.0 136.854 NA 246 455 0 NA NA NA NA NA NA 402 719 0 NA NA NA NA NA NA 3817 14675 1320 NA NA NA NA NA NA 3392 5308 1428 NA NA NA NA NA
1557435600.0 136.855 NA 238 508 0 NA NA NA NA NA NA 407 790 0 NA NA NA NA NA NA 3689 14835 1603 NA NA NA NA NA NA 3222 5716 1760 NA NA NA NA NA
1557435600.0 136.856 NA 252 438 0 NA NA NA NA NA NA 389 630 0 NA NA NA NA NA NA 2796 11737 1523 NA NA NA NA NA NA 2994 4780 1598 NA NA NA NA NA
1557435600.0 136.8561 NA 232 359 0 NA NA NA NA NA NA 392 621 0 NA NA NA NA NA NA 2007 3098 1020 NA NA NA NA NA NA 2982 2832 1364 NA NA NA NA NA
1557435600.0 136.8562 NA 208 349 0 NA NA NA NA NA NA 359 611 0 NA NA NA NA NA NA 1825 2843 1021 NA NA NA NA NA NA 2962 3508 1225 NA NA NA NA NA
1557435600.0 136.857 NA 242 451 0 NA NA NA NA NA NA 400 686 0 NA NA NA NA NA NA 3622 13565 1416 NA NA NA NA NA NA 2779 5040 1501 NA NA NA NA NA
1557435600.0 136.858 NA 240 364 0 NA NA NA NA NA NA 377 577 0 NA NA NA NA NA NA 2123 3529 1367 NA NA NA NA NA NA 2672 3864 1798 NA NA NA NA NA
1557435600.0 136.859 NA 274 488 0 NA NA NA NA NA NA 418 758 0 NA NA NA NA NA NA 4097 17096 1307 NA NA NA NA NA NA 3132 6049 1376 NA NA NA NA NA
1557435600.0 136.86 NA 244 464 0 NA NA NA NA NA NA 398 663 0 NA NA NA NA NA NA 3589 14918 1397 NA NA NA NA NA NA 2578 5385 1461 NA NA NA NA NA
1557435600.0 136.861 NA 244 453 0 NA NA NA NA NA NA 414 707 0 NA NA NA NA NA NA 3679 17792 1518 NA NA NA NA NA NA 3366 6574 1774 NA NA NA NA NA
1557435600.0 136.862 NA 256 509 0 NA NA NA NA NA NA 421 818 0 NA NA NA NA NA NA 4285 20764 1622 NA NA NA NA NA NA 3101 7674 1804 NA NA NA NA NA
1557435600.0 136.863 NA 255 451 0 NA NA NA NA NA NA 422 729 0 NA NA NA NA NA NA 4224 18863 1486 NA NA NA NA NA NA 3380 6836 1736 NA NA NA NA NA
1557435600.0 136.864 NA 265 496 0 NA NA NA NA NA NA 428 902 0 NA NA NA NA NA NA 4622 23465 1612 NA NA NA NA NA NA 4090 9172 1710 NA NA NA NA NA
1557435600.0 136.8642 NA 258 501 0 NA NA NA NA NA NA 443 841 0 NA NA NA NA NA NA 4591 23253 1627 NA NA NA NA NA NA 2681 8810 1864 NA NA NA NA NA
1557435600.0 136.8643 NA 270 494 0 NA NA NA NA NA NA 428 833 0 NA NA NA NA NA NA 4723 23193 1621 NA NA NA NA NA NA 5217 9118 1887 NA NA NA NA NA
1557435600.0 136.865 NA 253 514 0 NA NA NA NA NA NA 407 909 0 NA NA NA NA NA NA 4316 23060 1609 NA NA NA NA NA NA 2684 8137 1871 NA NA NA NA NA
1557435600.0 136.866 NA 262 473 0 NA NA NA NA NA NA 420 818 0 NA NA NA NA NA NA 4698 21092 1629 NA NA NA NA NA NA 3313 7815 1749 NA NA NA NA NA
1557435600.0 136.867 NA 246 532 0 NA NA NA NA NA NA 410 842 0 NA NA NA NA NA NA 3976 18157 1421 NA NA NA NA NA NA 3371 6302 1512 NA NA NA NA NA
1557435600.0 136.868 NA 238 456 0 NA NA NA NA NA NA 400 729 0 NA NA NA NA NA NA 3085 14424 1348 NA NA NA NA NA NA 2597 5172 1409 NA NA NA NA NA
1557435600.0 136.869 NA 250 479 0 NA NA NA NA NA NA 415 879 0 NA NA NA NA NA NA 4711 21888 1741 NA NA NA NA NA NA 3045 7814 1943 NA NA NA NA NA
1557435600.0 136.87 NA 228 362 0 NA NA NA NA NA NA 384 621 0 NA NA NA NA NA NA 2577 3850 1394 NA NA NA NA NA NA 4478 3307 1621 NA NA NA NA NA
1557435600.0 136.871 NA 272 494 0 NA NA NA NA NA NA 444 878 0 NA NA NA NA NA NA 5357 25876 1617 NA NA NA NA NA NA 5445 8796 1960 NA NA NA NA NA
1557435600.0 136.872 NA 244 497 0 NA NA NA NA NA NA 409 780 0 NA NA NA NA NA NA 4570 23265 1639 NA NA NA NA NA NA 3009 8745 2363 NA NA NA NA NA
1557435600.0 136.873 NA 244 456 0 NA NA NA NA NA NA 413 694 0 NA NA NA NA NA NA 3553 16521 1440 NA NA NA NA NA NA 3045 6322 1507 NA NA NA NA NA
1557435600.0 136.874 NA 256 523 0 NA NA NA NA NA NA 422 922 0 NA NA NA NA NA NA 3549 17202 1464 NA NA NA NA NA NA 2380 6072 1549 NA NA NA NA NA
1557435600.0 136.875 NA 252 454 0 NA NA NA NA NA NA 392 709 0 NA NA NA NA NA NA 3925 16946 1465 NA NA NA NA NA NA 2392 5856 1544 NA NA NA NA NA
1557435600.0 136.876 NA 266 483 0 NA NA NA NA NA NA 428 894 0 NA NA NA NA NA NA 4405 21031 1631 NA NA NA NA NA NA 2895 7553 2268 NA NA NA NA NA
1557435600.0 136.877 NA 254 485 0 NA NA NA NA NA NA 427 864 0 NA NA NA NA NA NA 3988 19030 1662 NA NA NA NA NA NA 2809 7096 2045 NA NA NA NA NA
1557435600.0 136.878 NA 255 463 0 NA NA NA NA NA NA 426 722 0 NA NA NA NA NA NA 4019 18284 1470 NA NA NA NA NA NA 3499 6530 1922 NA NA NA NA NA
1557435600.0 136.879 NA 249 527 0 NA NA NA NA NA NA 384 772 0 NA NA NA NA NA NA 3622 16031 1428 NA NA NA NA NA NA 2712 5686 1501 NA NA NA NA NA
1557435600.0 136.88 NA 234 443 0 NA NA NA NA NA NA 397 650 0 NA NA NA NA NA NA 3105 16313 1558 NA NA NA NA NA NA 3030 5981 1642 NA NA NA NA NA
1557435600.0 136.881 NA 245 457 0 NA NA NA NA NA NA 389 692 0 NA NA NA NA NA NA 3742 15767 1510 NA NA NA NA NA NA 3040 5567 1599 NA NA NA NA NA
1557435600.0 136.882 NA 235 402 0 NA NA NA NA NA NA 384 623 0 NA NA NA NA NA NA 2628 4889 1399 NA NA NA NA NA NA 3781 3889 1867 NA NA NA NA NA
1557435600.0 136.883 NA 262 493 0 NA NA NA NA NA NA 449 819 0 NA NA NA NA NA NA 4903 22143 1628 NA NA NA NA NA NA 2774 8540 1720 NA NA NA NA NA
1557435600.0 136.884 NA 240 448 0 NA NA NA NA NA NA 394 659 0 NA NA NA NA NA NA 3926 18187 1443 NA NA NA NA NA NA 3250 6562 1622 NA NA NA NA NA
1557435600.0 136.885 NA 249 466 0 NA NA NA NA NA NA 399 752 0 NA NA NA NA NA NA 3562 16655 1444 NA NA NA NA NA NA 2291 5737 1512 NA NA NA NA NA
1557435600.0 136.886 NA 270 488 0 NA NA NA NA NA NA 408 900 0 NA NA NA NA NA NA 4077 18659 1668 NA NA NA NA NA NA 2711 7313 1776 NA NA NA NA NA
1557435600.0 136.887 NA 242 446 0 NA NA NA NA NA NA 405 709 0 NA NA NA NA NA NA 3859 16444 1540 NA NA NA NA NA NA 3142 6449 1676 NA NA NA NA NA
1557435600.0 136.888 NA 253 484 0 NA NA NA NA NA NA 414 858 0 NA NA NA NA NA NA 4280 20958 1635 NA NA NA NA NA NA 3018 7972 1727 NA NA NA NA NA
1557435600.0 136.889 NA 250 487 0 NA NA NA NA NA NA 427 864 0 NA NA NA NA NA NA 4120 20718 1614 NA NA NA NA NA NA 2946 7806 2122 NA NA NA NA NA
1557435600.0 136.89 NA 250 468 0 NA NA NA NA NA NA 436 673 0 NA NA NA NA NA NA 4062 17763 1466 NA NA NA NA NA NA 3410 6272 1663 NA NA NA NA NA
1557435600.0 136.891 NA 247 511 0 NA NA NA NA NA NA 409 833 0 NA NA NA NA NA NA 3693 15934 1502 NA NA NA NA NA NA 3829 5662 1585 NA NA NA NA NA
1557435600.0 136.892 NA 236 437 0 NA NA NA NA NA NA 409 672 0 NA NA NA NA NA NA 3183 14306 1370 NA NA NA NA NA NA 2602 5053 1449 NA NA NA NA NA
1557435600.0 136.893 NA 243 461 0 NA NA NA NA NA NA 418 727 0 NA NA NA NA NA NA 4460 18814 1653 NA NA NA NA NA NA 2955 7499 2220 NA NA NA NA NA
1557435600.0 136.894 NA 233 433 0 NA NA NA NA NA NA 400 702 0 NA NA NA NA NA NA 3134 8382 1405 NA NA NA NA NA NA 4070 4807 1589 NA NA NA NA NA
1557435600.0 136.895 NA 270 482 0 NA NA NA NA NA NA 410 838 0 NA NA NA NA NA NA 5070 20737 1637 NA NA NA NA NA NA 3405 7844 2197 NA NA NA NA NA
1557435600.0 136.896 NA 239 455 0 NA NA NA NA NA NA 387 669 0 NA NA NA NA NA NA 3956 18595 1527 NA NA NA NA NA NA 3405 6547 1693 NA NA NA NA NA
1557435600.0 136.898 NA 238 467 0 NA NA NA NA NA NA 414 736 0 NA NA NA NA NA NA 3573 16883 1433 NA NA NA NA NA NA 3302 6422 1528 NA NA NA NA NA
1557435600.0 1360.0 50 0 0 0 NA NA NA NA NA 108 0 0 0 NA NA NA NA NA 1358 263 1512 639 NA NA NA NA NA 1237 582 1918 759 NA NA NA NA NA
1557435600.0 1361.0 91 204 340 0 NA NA NA NA NA 181 602 523 0 NA NA NA NA NA 3696 595 1980 670 NA NA NA NA NA 2244 447 1977 741 NA NA NA NA NA
1557435600.0 1361.17 74 189 365 0 NA NA NA NA NA 153 604 661 0 NA NA NA NA NA 3900 809 2006 1036 NA NA NA NA NA 2436 545 2014 1088 NA NA NA NA NA
1557435600.0 1362.0 96 201 351 0 NA NA NA NA NA 182 557 540 0 NA NA NA NA NA 6436 601 2001 664 NA NA NA NA NA 4093 465 1899 730 NA NA NA NA NA
1557435600.0 1362.17 74 178 373 0 NA NA NA NA NA 154 601 673 0 NA NA NA NA NA 6426 831 2091 1089 NA NA NA NA NA 4330 674 1996 1162 NA NA NA NA NA
1557435600.0 1363.0 93 195 350 0 NA NA NA NA NA 185 604 607 0 NA NA NA NA NA 6213 622 2009 668 NA NA NA NA NA 4008 551 1927 738 NA NA NA NA NA
1557435600.0 1363.17 76 189 372 0 NA NA NA NA NA 151 603 606 0 NA NA NA NA NA 6693 812 2117 1083 NA NA NA NA NA 4153 519 2059 1153 NA NA NA NA NA
1557435600.0 1364.0 NA 170 346 0 NA NA NA NA NA NA 622 554 0 NA NA NA NA NA NA 582 1820 667 NA NA NA NA NA NA 1093 1955 867 NA NA NA NA NA
1557435600.0 1365.0 NA 143 346 0 NA NA NA NA NA NA 623 576 0 NA NA NA NA NA NA 653 2034 688 NA NA NA NA NA NA 2162 4950 1448 NA NA NA NA NA
1557435600.0 1366.0 NA 145 339 0 NA NA NA NA NA NA 623 605 0 NA NA NA NA NA NA 590 1879 677 NA NA NA NA NA NA 1028 2996 1343 NA NA NA NA NA
1557435600.0 137.8 NA 256 511 NA 273 505 0 NA NA NA 403 910 NA 413 879 0 NA NA NA 3945 18349 NA 4095 18833 2481 NA NA NA 2280 6696 NA 3089 6936 2559 NA NA
1557435600.0 139901.0 NA 147 344 0 NA NA NA NA NA NA 577 519 0 NA NA NA NA NA NA 615 1888 689 NA NA NA NA NA NA 938 2125 1200 NA NA NA NA NA
1557435600.0 139902.0 NA 146 355 0 NA NA NA NA NA NA 576 604 0 NA NA NA NA NA NA 623 2029 670 NA NA NA NA NA NA 1391 2111 1471 NA NA NA NA NA
1557435600.0 13992501.0 NA 312 576 0 NA NA NA NA NA NA 624 898 0 NA NA NA NA NA NA 3017 4133 694 NA NA NA NA NA NA 2320 3093 761 NA NA NA NA NA
1557435600.0 13992502.0 NA 326 574 0 NA NA NA NA NA NA 623 858 0 NA NA NA NA NA NA 2964 4200 695 NA NA NA NA NA NA 2363 2876 761 NA NA NA NA NA
1557435600.0 14.0 NA 132 302 0 NA NA NA NA NA NA 559 545 0 NA NA NA NA NA NA 2508 4878 636 NA NA NA NA NA NA 2016 2799 725 NA NA NA NA NA
1557435600.0 140.0 78 196 194 0 NA NA NA NA NA 154 551 327 0 NA NA NA NA NA 2980 782 782 298 NA NA NA NA NA 2807 706 864 860 NA NA NA NA NA
1557435600.0 140.51 NA 62 227 0 NA NA NA NA NA NA 137 347 0 NA NA NA NA NA NA 596 1757 347 NA NA NA NA NA NA 919 1284 469 NA NA NA NA NA
1557435600.0 140.52 NA 267 224 0 NA NA NA NA NA NA 419 350 0 NA NA NA NA NA NA 2186 1803 367 NA NA NA NA NA NA 2555 1873 686 NA NA NA NA NA
1557435600.0 140.53 NA 310 0 NA NA NA NA NA NA NA 468 0 NA NA NA NA NA NA NA 3199 391 NA NA NA NA NA NA NA 1736 791 NA NA NA NA NA NA
1557435600.0 140.54 NA 263 0 NA NA NA NA NA NA NA 548 0 NA NA NA NA NA NA NA 1694 471 NA NA NA NA NA NA NA 2088 748 NA NA NA NA NA NA
1557435600.0 140.55 NA 94 88 392 0 NA NA NA NA NA 172 181 687 0 NA NA NA NA NA 1716 2163 13687 374 NA NA NA NA NA 911 759 4146 461 NA NA NA NA
1557435600.0 140.56 NA 693 0 NA NA NA NA NA NA NA 1280 0 NA NA NA NA NA NA NA 23454 1067 NA NA NA NA NA NA NA 8505 1183 NA NA NA NA NA NA
1557435600.0 140.57 NA 416 0 NA NA NA NA NA NA NA 691 0 NA NA NA NA NA NA NA 3653 830 NA NA NA NA NA NA NA 6052 1035 NA NA NA NA NA NA
1557435600.0 144.6 NA 300 NA NA NA NA NA NA NA NA 494 NA NA NA NA NA NA NA NA 2541 NA NA NA NA NA NA NA NA 2478 NA NA NA NA NA NA NA
1557435600.0 145.0 82 133 235 0 NA NA NA NA NA 144 551 327 0 NA NA NA NA NA 2519 489 697 264 NA NA NA NA NA 2849 346 815 312 NA NA NA NA NA
1557435600.0 148.0 169 252 517 0 NA NA NA NA NA 242 603 798 0 NA NA NA NA NA 13907 1424 10256 905 NA NA NA NA NA 13542 1207 4372 1276 NA NA NA NA NA
1557435600.0 149.0 75 168 363 0 NA NA NA NA NA 128 613 624 0 NA NA NA NA NA 1374 585 1539 944 NA NA NA NA NA 781 383 1606 997 NA NA NA NA NA
1557435600.0 15.0 NA 142 279 0 NA NA NA NA NA NA 604 547 0 NA NA NA NA NA NA 1706 2328 585 NA NA NA NA NA NA 1898 3166 1218 NA NA NA NA NA
1557435600.0 150.0 78 164 251 0 NA NA NA NA NA 133 602 418 0 NA NA NA NA NA 3222 707 818 421 NA NA NA NA NA 2840 483 867 601 NA NA NA NA NA
1557435600.0 158.0 71 274 367 73 0 NA NA NA NA 136 710 606 125 0 NA NA NA NA 3085 916 2290 255 1265 NA NA NA NA 2683 911 2305 486 1350 NA NA NA NA
1557435600.0 158.1 NA 259 361 0 NA NA NA NA NA NA 622 592 0 NA NA NA NA NA NA 1004 2180 1238 NA NA NA NA NA NA 3013 4836 1452 NA NA NA NA NA
1557435600.0 158.2 NA 249 364 0 NA NA NA NA NA NA 676 636 0 NA NA NA NA NA NA 1088 2165 1249 NA NA NA NA NA NA 2933 3867 1807 NA NA NA NA NA
1557435600.0 158.3 NA 259 361 0 NA NA NA NA NA NA 716 611 0 NA NA NA NA NA NA 1112 2142 1233 NA NA NA NA NA NA 3607 5276 1631 NA NA NA NA NA
1557435600.0 16.0 NA 134 289 0 NA NA NA NA NA NA 600 542 0 NA NA NA NA NA NA 1844 2748 613 NA NA NA NA NA NA 1645 5044 1327 NA NA NA NA NA
1557435600.0 17.0 NA 115 276 0 NA NA NA NA NA NA 604 491 0 NA NA NA NA NA NA 1691 2320 600 NA NA NA NA NA NA 1976 3072 1465 NA NA NA NA NA
1557435600.0 18.0 NA 114 278 0 NA NA NA NA NA NA 603 527 0 NA NA NA NA NA NA 1744 2258 572 NA NA NA NA NA NA 2551 3327 776 NA NA NA NA NA
1557435600.0 19.0 NA 115 278 0 NA NA NA NA NA NA 558 501 0 NA NA NA NA NA NA 1715 2324 581 NA NA NA NA NA NA 1974 4829 1082 NA NA NA NA NA
1557435600.0 2.0 87 113 205 NA NA NA NA NA NA 215 597 490 NA NA NA NA NA NA 3358 570 1433 NA NA NA NA NA NA 2632 918 2443 NA NA NA NA NA NA
1557435600.0 20.0 NA 126 279 0 NA NA NA NA NA NA 603 533 0 NA NA NA NA NA NA 1752 2406 612 NA NA NA NA NA NA 1654 2198 838 NA NA NA NA NA
1557435600.0 200.0 NA 176 358 0 NA NA NA NA NA NA 615 650 0 NA NA NA NA NA NA 1006 2402 603 NA NA NA NA NA NA 1451 2401 789 NA NA NA NA NA
1557435600.0 20034.0 NA 298 363 0 NA NA NA NA NA NA 481 557 0 NA NA NA NA NA NA 2765 3087 722 NA NA NA NA NA NA 2860 3110 987 NA NA NA NA NA
1557435600.0 20034.1 NA 296 197 0 NA NA NA NA NA NA 490 304 0 NA NA NA NA NA NA 2718 1299 327 NA NA NA NA NA NA 1943 2378 963 NA NA NA NA NA
1557435600.0 20034.11 NA 298 371 0 NA NA NA NA NA NA 465 564 0 NA NA NA NA NA NA 2781 3135 754 NA NA NA NA NA NA 2622 3749 1538 NA NA NA NA NA
1557435600.0 2017.1 386 0 136 NA NA NA NA NA NA 771 0 228 NA NA NA NA NA NA 1625 312 596 NA NA NA NA NA NA 1708 403 699 NA NA NA NA NA NA
1557435600.0 2017.11 319 0 133 NA NA NA NA NA NA 849 0 226 NA NA NA NA NA NA 1916 310 867 NA NA NA NA NA NA 2437 376 1307 NA NA NA NA NA NA
1557435600.0 2017.12 381 0 145 NA NA NA NA NA NA 772 0 224 NA NA NA NA NA NA 1550 302 617 NA NA NA NA NA NA 1354 392 1016 NA NA NA NA NA NA
1557435600.0 2017.13 387 0 NA NA NA NA NA NA NA 767 0 NA NA NA NA NA NA NA 1450 368 NA NA NA NA NA NA NA 1362 728 NA NA NA NA NA NA NA
1557435600.0 2017.2 327 0 132 NA NA NA NA NA NA 776 0 233 NA NA NA NA NA NA 1334 286 519 NA NA NA NA NA NA 1294 360 1003 NA NA NA NA NA NA
1557435600.0 2017.3 327 0 134 NA NA NA NA NA NA 774 0 227 NA NA NA NA NA NA 1417 268 570 NA NA NA NA NA NA 1778 380 781 NA NA NA NA NA NA
1557435600.0 2017.4 375 0 138 NA NA NA NA NA NA 826 0 215 NA NA NA NA NA NA 1376 274 572 NA NA NA NA NA NA 1409 377 773 NA NA NA NA NA NA
1557435600.0 2017.5 378 0 129 NA NA NA NA NA NA 821 0 221 NA NA NA NA NA NA 1642 314 599 NA NA NA NA NA NA 1874 404 1004 NA NA NA NA NA NA
1557435600.0 2017.6 380 0 136 NA NA NA NA NA NA 826 0 220 NA NA NA NA NA NA 1684 292 651 NA NA NA NA NA NA 1658 365 836 NA NA NA NA NA NA
1557435600.0 2017.7 367 0 136 NA NA NA NA NA NA 776 0 216 NA NA NA NA NA NA 1490 333 566 NA NA NA NA NA NA 1682 404 883 NA NA NA NA NA NA
1557435600.0 2017.8 200 NA NA NA NA NA NA NA NA 312 NA NA NA NA NA NA NA NA 543 NA NA NA NA NA NA NA NA 835 NA NA NA NA NA NA NA NA
1557435600.0 2017.9 384 0 139 NA NA NA NA NA NA 777 0 223 NA NA NA NA NA NA 1416 292 557 NA NA NA NA NA NA 1337 372 649 NA NA NA NA NA NA
1557435600.0 2018.1 379 0 138 NA NA NA NA NA NA 823 0 218 NA NA NA NA NA NA 1631 332 684 NA NA NA NA NA NA 1503 412 1183 NA NA NA NA NA NA
1557435600.0 2018.11 390 0 134 NA NA NA NA NA NA 768 0 225 NA NA NA NA NA NA 1827 319 704 NA NA NA NA NA NA 1715 657 1038 NA NA NA NA NA NA
1557435600.0 2018.12 365 0 134 NA NA NA NA NA NA 776 0 214 NA NA NA NA NA NA 1583 288 616 NA NA NA NA NA NA 1515 370 978 NA NA NA NA NA NA
1557435600.0 2018.13 398 0 NA NA NA NA NA NA NA 787 0 NA NA NA NA NA NA NA 1511 372 NA NA NA NA NA NA NA 1444 557 NA NA NA NA NA NA NA
1557435600.0 2018.2 327 0 129 NA NA NA NA NA NA 772 0 215 NA NA NA NA NA NA 1380 285 557 NA NA NA NA NA NA 1374 367 949 NA NA NA NA NA NA
1557435600.0 2018.3 331 0 127 NA NA NA NA NA NA 769 0 223 NA NA NA NA NA NA 1446 263 589 NA NA NA NA NA NA 1480 350 2103 NA NA NA NA NA NA
1557435600.0 2018.4 367 0 136 NA NA NA NA NA NA 831 0 223 NA NA NA NA NA NA 1412 304 608 NA NA NA NA NA NA 1535 554 1488 NA NA NA NA NA NA
1557435600.0 2018.5 387 0 136 NA NA NA NA NA NA 782 0 227 NA NA NA NA NA NA 1578 314 614 NA NA NA NA NA NA 1569 650 923 NA NA NA NA NA NA
1557435600.0 2018.6 361 0 141 NA NA NA NA NA NA 779 0 222 NA NA NA NA NA NA 1668 292 634 NA NA NA NA NA NA 1515 374 984 NA NA NA NA NA NA
1557435600.0 2018.7 377 0 136 NA NA NA NA NA NA 767 0 223 NA NA NA NA NA NA 1560 277 615 NA NA NA NA NA NA 2590 351 760 NA NA NA NA NA NA
1557435600.0 2018.8 193 NA NA NA NA NA NA NA NA 306 NA NA NA NA NA NA NA NA 564 NA NA NA NA NA NA NA NA 949 NA NA NA NA NA NA NA NA
1557435600.0 2018.9 370 0 131 NA NA NA NA NA NA 774 0 222 NA NA NA NA NA NA 1384 293 590 NA NA NA NA NA NA 1523 592 813 NA NA NA NA NA NA
1557435600.0 202.0 NA 176 361 0 NA NA NA NA NA NA 617 636 0 NA NA NA NA NA NA 984 2452 595 NA NA NA NA NA NA 1525 2293 1026 NA NA NA NA NA
1557435600.0 20234.99 NA 427 543 501 0 NA NA NA NA NA 666 777 752 0 NA NA NA NA NA 5574 4381 5242 732 NA NA NA NA NA 2504 2002 2912 815 NA NA NA NA
1557435600.0 20261.97 425 NA NA NA NA NA NA NA NA 633 NA NA NA NA NA NA NA NA 5695 NA NA NA NA NA NA NA NA 2893 NA NA NA NA NA NA NA NA
1557435600.0 203.0 NA 183 357 0 NA NA NA NA NA NA 617 604 0 NA NA NA NA NA NA 1030 2608 606 NA NA NA NA NA NA 2098 4380 1215 NA NA NA NA NA
1557435600.0 204.0 91 199 370 0 NA NA NA NA NA 208 617 572 0 NA NA NA NA NA 3074 1005 2442 591 NA NA NA NA NA 1441 1061 2060 654 NA NA NA NA NA
1557435600.0 20434.0 105 318 387 0 NA NA NA NA NA 180 530 572 0 NA NA NA NA NA 6424 2669 2775 709 NA NA NA NA NA 2590 1607 2399 772 NA NA NA NA NA
1557435600.0 205.0 NA 179 361 0 NA NA NA NA NA NA 618 590 0 NA NA NA NA NA NA 1032 2429 601 NA NA NA NA NA NA 1356 2295 688 NA NA NA NA NA
1557435600.0 21.0 NA 117 279 0 NA NA NA NA NA NA 555 580 0 NA NA NA NA NA NA 1737 2516 619 NA NA NA NA NA NA 1617 3103 1330 NA NA NA NA NA
1557435600.0 21234.0 93 299 373 0 NA NA NA NA NA 160 468 623 0 NA NA NA NA NA 6404 2613 2772 691 NA NA NA NA NA 2669 1540 2344 754 NA NA NA NA NA
1557435600.0 21234.11 104 304 379 0 NA NA NA NA NA 176 459 564 0 NA NA NA NA NA 6456 2675 2750 690 NA NA NA NA NA 2387 1569 2319 743 NA NA NA NA NA
1557435600.0 21634.0 95 303 375 0 NA NA NA NA NA 163 545 577 0 NA NA NA NA NA 6630 2807 2828 838 NA NA NA NA NA 3861 1925 2684 1054 NA NA NA NA NA
1557435600.0 22.0 NA 132 281 0 NA NA NA NA NA NA 603 555 0 NA NA NA NA NA NA 1837 2813 611 NA NA NA NA NA NA 1553 5794 1082 NA NA NA NA NA
1557435600.0 22034.0 96 307 376 0 NA NA NA NA NA 165 455 562 0 NA NA NA NA NA 6402 2872 2920 749 NA NA NA NA NA 3485 1810 2640 877 NA NA NA NA NA
1557435600.0 22434.0 107 307 388 0 NA NA NA NA NA 174 500 574 0 NA NA NA NA NA 6755 2833 3354 720 NA NA NA NA NA 2575 1970 2778 795 NA NA NA NA NA
1557435600.0 23.0 NA 135 293 0 NA NA NA NA NA NA 558 607 0 NA NA NA NA NA NA 2225 3140 650 NA NA NA NA NA NA 1820 2280 915 NA NA NA NA NA
1557435600.0 23234.0 99 305 387 0 NA NA NA NA NA 158 483 585 0 NA NA NA NA NA 6973 2868 3072 762 NA NA NA NA NA 3620 1712 2839 852 NA NA NA NA NA
1557435600.0 23634.0 98 304 387 0 NA NA NA NA NA 166 482 602 0 NA NA NA NA NA 6761 2879 3504 746 NA NA NA NA NA 3145 1691 3230 816 NA NA NA NA NA
1557435600.0 24.0 NA 134 301 0 NA NA NA NA NA NA 604 546 0 NA NA NA NA NA NA 2496 4030 648 NA NA NA NA NA NA 1863 2640 946 NA NA NA NA NA
1557435600.0 24034.0 83 278 360 0 NA NA NA NA NA 143 460 549 0 NA NA NA NA NA 6680 2320 2581 491 NA NA NA NA NA 2318 1377 2141 550 NA NA NA NA NA
1557435600.0 25.0 NA 157 310 0 83 NA NA NA NA NA 602 529 0 128 NA NA NA NA NA 2629 4699 626 427 NA NA NA NA NA 1115 3147 694 399 NA NA NA NA
1557435600.0 250199.0 330 NA NA NA NA NA NA NA NA 615 NA NA NA NA NA NA NA NA 3564 NA NA NA NA NA NA NA NA 1894 NA NA NA NA NA NA NA NA
1557435600.0 250199.17 345 NA NA NA NA NA NA NA NA 633 NA NA NA NA NA NA NA NA 3950 NA NA NA NA NA NA NA NA 2115 NA NA NA NA NA NA NA NA
1557435600.0 250199.18 425 NA NA NA NA NA NA NA NA 684 NA NA NA NA NA NA NA NA 5365 NA NA NA NA NA NA NA NA 2206 NA NA NA NA NA NA NA NA
1557435600.0 250200.0 NA 337 345 0 NA NA NA NA NA NA 728 673 0 NA NA NA NA NA NA 13062 3394 685 NA NA NA NA NA NA 4861 3487 870 NA NA NA NA NA
1557435600.0 250200.1 90 319 245 NA NA NA NA NA NA 181 623 562 NA NA NA NA NA NA 2914 1537 2169 NA NA NA NA NA NA 2250 1085 1992 NA NA NA NA NA NA
1557435600.0 250200.117 71 391 253 NA NA NA NA NA NA 151 668 537 NA NA NA NA NA NA 3024 2142 2059 NA NA NA NA NA NA 2271 1654 1759 NA NA NA NA NA NA
1557435600.0 250200.118 76 512 293 163 NA NA NA NA NA 148 753 574 261 NA NA NA NA NA 2936 3965 2482 828 NA NA NA NA NA 1138 2689 1679 901 NA NA NA NA NA
1557435600.0 250200.17 NA 395 463 0 NA NA NA NA NA NA 779 689 0 NA NA NA NA NA NA 15195 3302 1494 NA NA NA NA NA NA 6276 2211 1845 NA NA NA NA NA
1557435600.0 250200.18 NA 575 543 0 NA NA NA NA NA NA 1062 823 0 NA NA NA NA NA NA 25160 5329 2042 NA NA NA NA NA NA 9744 3002 2344 NA NA NA NA NA
1557435600.0 250202.0 NA 334 446 0 NA NA NA NA NA NA 676 636 0 NA NA NA NA NA NA 13083 3609 694 NA NA NA NA NA NA 6088 2350 846 NA NA NA NA NA
1557435600.0 250202.1 NA 350 349 448 0 NA NA NA NA NA 616 673 728 0 NA NA NA NA NA 3499 14283 3476 680 NA NA NA NA NA 1525 4532 2229 772 NA NA NA NA
1557435600.0 250202.118 73 539 304 163 NA NA NA NA NA 149 787 583 245 NA NA NA NA NA 3510 4143 2927 834 NA NA NA NA NA 1410 2586 1832 905 NA NA NA NA NA
1557435600.0 250202.17 NA 399 443 0 NA NA NA NA NA NA 778 687 0 NA NA NA NA NA NA 13588 3543 1058 NA NA NA NA NA NA 5278 4051 2097 NA NA NA NA NA
1557435600.0 250202.171 NA 352 412 477 0 NA NA NA NA NA 633 775 757 0 NA NA NA NA NA 4263 14674 4167 1077 NA NA NA NA NA 2082 4946 2753 1133 NA NA NA NA
1557435600.0 250202.18 NA 566 557 0 NA NA NA NA NA NA 1084 845 0 NA NA NA NA NA NA 24528 5522 2070 NA NA NA NA NA NA 14513 3671 2589 NA NA NA NA NA
1557435600.0 250202.181 NA 417 567 545 0 NA NA NA NA NA 682 1152 827 0 NA NA NA NA NA 5660 26127 5604 2127 NA NA NA NA NA 2263 8922 3331 2193 NA NA NA NA
1557435600.0 250203.0 NA 332 442 0 NA NA NA NA NA NA 686 643 0 NA NA NA NA NA NA 12938 3421 751 NA NA NA NA NA NA 4852 2617 1048 NA NA NA NA NA
1557435600.0 250203.17 NA 402 455 0 NA NA NA NA NA NA 728 689 0 NA NA NA NA NA NA 13564 3274 1045 NA NA NA NA NA NA 5140 3927 1994 NA NA NA NA NA
1557435600.0 250203.18 NA 559 537 0 NA NA NA NA NA NA 1079 767 0 NA NA NA NA NA NA 24128 4693 2054 NA NA NA NA NA NA 12051 2877 2393 NA NA NA NA NA
1557435600.0 250204.0 NA 322 432 0 NA NA NA NA NA NA 672 619 0 NA NA NA NA NA NA 13165 3167 718 NA NA NA NA NA NA 6575 2913 854 NA NA NA NA NA
1557435600.0 250204.17 NA 405 474 0 NA NA NA NA NA NA 776 676 0 NA NA NA NA NA NA 16380 4252 1240 NA NA NA NA NA NA 5854 3491 1360 NA NA NA NA NA
1557435600.0 250204.18 NA 563 547 0 NA NA NA NA NA NA 1207 737 0 NA NA NA NA NA NA 24146 4692 2095 NA NA NA NA NA NA 9811 3686 2376 NA NA NA NA NA
1557435600.0 250205.0 NA 336 436 0 NA NA NA NA NA NA 676 692 0 NA NA NA NA NA NA 12771 3573 697 NA NA NA NA NA NA 5027 2448 994 NA NA NA NA NA
1557435600.0 250205.17 NA 393 482 0 NA NA NA NA NA NA 829 732 0 NA NA NA NA NA NA 16200 3346 1410 NA NA NA NA NA NA 5661 2218 1669 NA NA NA NA NA
1557435600.0 250205.18 NA 557 512 0 NA NA NA NA NA NA 1208 767 0 NA NA NA NA NA NA 24082 4665 2084 NA NA NA NA NA NA 12225 3122 2649 NA NA NA NA NA
1557435600.0 250206.0 NA 334 436 0 NA NA NA NA NA NA 674 612 0 NA NA NA NA NA NA 12860 3330 687 NA NA NA NA NA NA 7519 3208 1026 NA NA NA NA NA
1557435600.0 250206.118 71 501 292 161 NA NA NA NA NA 144 720 618 259 NA NA NA NA NA 1981 3236 2144 788 NA NA NA NA NA 975 2270 1748 914 NA NA NA NA NA
1557435600.0 250206.17 NA 389 453 0 NA NA NA NA NA NA 727 686 0 NA NA NA NA NA NA 13791 3199 1062 NA NA NA NA NA NA 5200 2294 1246 NA NA NA NA NA
1557435600.0 250206.18 NA 557 599 0 NA NA NA NA NA NA 1136 766 0 NA NA NA NA NA NA 24812 5077 2109 NA NA NA NA NA NA 9636 2968 2782 NA NA NA NA NA
1557435600.0 250206.181 NA 422 566 585 0 NA NA NA NA NA 681 1012 824 0 NA NA NA NA NA 5434 24420 5273 2140 NA NA NA NA NA 2282 8598 3221 2196 NA NA NA NA
1557435600.0 250207.0 NA 335 435 0 NA NA NA NA NA NA 674 631 0 NA NA NA NA NA NA 11873 2989 694 NA NA NA NA NA NA 7624 3438 1121 NA NA NA NA NA
1557435600.0 250207.17 NA 388 459 0 NA NA NA NA NA NA 723 695 0 NA NA NA NA NA NA 13897 3235 1017 NA NA NA NA NA NA 5572 2277 1109 NA NA NA NA NA
1557435600.0 250207.18 NA 537 547 0 NA NA NA NA NA NA 1069 772 0 NA NA NA NA NA NA 22552 4484 2054 NA NA NA NA NA NA 9736 2754 2335 NA NA NA NA NA
1557435600.0 250208.17 NA 401 473 0 NA NA NA NA NA NA 777 747 0 NA NA NA NA NA NA 14872 4579 1159 NA NA NA NA NA NA 7259 2627 1309 NA NA NA NA NA
1557435600.0 250208.18 NA 589 567 0 NA NA NA NA NA NA 1221 871 0 NA NA NA NA NA NA 28885 6923 2142 NA NA NA NA NA NA 13327 3810 2789 NA NA NA NA NA
1557435600.0 250399.0 228 NA NA NA NA NA NA NA NA 634 NA NA NA NA NA NA NA NA 1036 NA NA NA NA NA NA NA NA 997 NA NA NA NA NA NA NA NA
1557435600.0 250399.17 295 NA NA NA NA NA NA NA NA 658 NA NA NA NA NA NA NA NA 1375 NA NA NA NA NA NA NA NA 1226 NA NA NA NA NA NA NA NA
1557435600.0 250399.18 302 NA NA NA NA NA NA NA NA 657 NA NA NA NA NA NA NA NA 1411 NA NA NA NA NA NA NA NA 1215 NA NA NA NA NA NA NA NA
1557435600.0 250400.0 351 0 134 NA NA NA NA NA NA 810 0 236 NA NA NA NA NA NA 1791 295 798 NA NA NA NA NA NA 2024 474 1148 NA NA NA NA NA NA
1557435600.0 250400.17 409 0 136 NA NA NA NA NA NA 836 0 240 NA NA NA NA NA NA 1961 320 717 NA NA NA NA NA NA 3194 514 1263 NA NA NA NA NA NA
1557435600.0 250400.18 358 0 132 NA NA NA NA NA NA 733 0 239 NA NA NA NA NA NA 2205 372 755 NA NA NA NA NA NA 2590 649 1241 NA NA NA NA NA NA
1557435600.0 250402.0 395 0 146 NA NA NA NA NA NA 762 0 230 NA NA NA NA NA NA 1553 256 545 NA NA NA NA NA NA 1353 900 571 NA NA NA NA NA NA
1557435600.0 250402.1 227 363 0 NA NA NA NA NA NA 575 784 0 NA NA NA NA NA NA 1066 1674 302 NA NA NA NA NA NA 1918 2426 878 NA NA NA NA NA NA
1557435600.0 250402.17 413 0 148 NA NA NA NA NA NA 834 0 245 NA NA NA NA NA NA 2230 323 771 NA NA NA NA NA NA 1922 540 1085 NA NA NA NA NA NA
1557435600.0 250402.171 297 409 0 NA NA NA NA NA NA 571 746 0 NA NA NA NA NA NA 1485 2579 365 NA NA NA NA NA NA 1129 2520 585 NA NA NA NA NA NA
1557435600.0 250402.18 437 0 127 NA NA NA NA NA NA 834 0 229 NA NA NA NA NA NA 2349 312 801 NA NA NA NA NA NA 1810 408 1151 NA NA NA NA NA NA
1557435600.0 250402.181 299 427 0 NA NA NA NA NA NA 571 823 0 NA NA NA NA NA NA 1410 2118 348 NA NA NA NA NA NA 2008 2891 753 NA NA NA NA NA NA
1557435600.0 250403.0 379 0 146 NA NA NA NA NA NA 809 0 225 NA NA NA NA NA NA 1640 253 618 NA NA NA NA NA NA 1840 401 781 NA NA NA NA NA NA
1557435600.0 250403.17 434 0 137 NA NA NA NA NA NA 828 0 239 NA NA NA NA NA NA 2003 293 871 NA NA NA NA NA NA 1814 358 1056 NA NA NA NA NA NA
1557435600.0 250403.18 442 0 140 NA NA NA NA NA NA 833 0 241 NA NA NA NA NA NA 2229 288 987 NA NA NA NA NA NA 1941 362 1235 NA NA NA NA NA NA
1557435600.0 250405.0 351 0 132 NA NA NA NA NA NA 727 0 225 NA NA NA NA NA NA 1822 274 699 NA NA NA NA NA NA 2604 425 1259 NA NA NA NA NA NA
1557435600.0 250405.17 408 0 139 NA NA NA NA NA NA 833 0 242 NA NA NA NA NA NA 2077 305 707 NA NA NA NA NA NA 2072 400 831 NA NA NA NA NA NA
1557435600.0 250405.18 446 0 134 NA NA NA NA NA NA 826 0 243 NA NA NA NA NA NA 1960 294 907 NA NA NA NA NA NA 1684 381 1687 NA NA NA NA NA NA
1557435600.0 250406.0 345 0 141 NA NA NA NA NA NA 812 0 234 NA NA NA NA NA NA 1397 248 600 NA NA NA NA NA NA 1882 334 770 NA NA NA NA NA NA
1557435600.0 250406.17 411 0 136 NA NA NA NA NA NA 825 0 227 NA NA NA NA NA NA 1745 280 745 NA NA NA NA NA NA 1675 360 1267 NA NA NA NA NA NA
1557435600.0 250406.18 413 0 140 NA NA NA NA NA NA 771 0 223 NA NA NA NA NA NA 1742 308 598 NA NA NA NA NA NA 2059 482 706 NA NA NA NA NA NA
1557435600.0 250407.0 306 0 144 NA NA NA NA NA NA 753 0 235 NA NA NA NA NA NA 1593 248 633 NA NA NA NA NA NA 2000 403 1319 NA NA NA NA NA NA
1557435600.0 250407.17 365 0 142 NA NA NA NA NA NA 792 0 234 NA NA NA NA NA NA 1894 274 786 NA NA NA NA NA NA 2016 347 1091 NA NA NA NA NA NA
1557435600.0 250407.18 369 0 137 NA NA NA NA NA NA 836 0 232 NA NA NA NA NA NA 2008 296 921 NA NA NA NA NA NA 1934 487 1262 NA NA NA NA NA NA
1557435600.0 250408.0 376 0 143 NA NA NA NA NA NA 811 0 228 NA NA NA NA NA NA 1820 249 760 NA NA NA NA NA NA 1769 335 921 NA NA NA NA NA NA
1557435600.0 250408.17 440 0 139 NA NA NA NA NA NA 848 0 237 NA NA NA NA NA NA 2087 301 1058 NA NA NA NA NA NA 1717 375 1557 NA NA NA NA NA NA
1557435600.0 250408.18 396 0 142 NA NA NA NA NA NA 832 0 232 NA NA NA NA NA NA 2097 313 691 NA NA NA NA NA NA 1835 435 896 NA NA NA NA NA NA
1557435600.0 250409.0 355 0 148 NA NA NA NA NA NA 806 0 237 NA NA NA NA NA NA 2152 275 717 NA NA NA NA NA NA 1838 487 822 NA NA NA NA NA NA
1557435600.0 250409.17 417 0 149 NA NA NA NA NA NA 834 0 246 NA NA NA NA NA NA 2333 329 766 NA NA NA NA NA NA 1972 1982 716 NA NA NA NA NA NA
1557435600.0 250409.18 426 0 141 NA NA NA NA NA NA 791 0 232 NA NA NA NA NA NA 2488 325 810 NA NA NA NA NA NA 2198 400 1063 NA NA NA NA NA NA
1557435600.0 25200.0 NA 356 596 0 NA NA NA NA NA NA 624 861 0 NA NA NA NA NA NA 2760 3761 690 NA NA NA NA NA NA 1829 2597 755 NA NA NA NA NA
1557435600.0 25202.0 NA 337 614 0 NA NA NA NA NA NA 625 890 0 NA NA NA NA NA NA 2936 4066 673 NA NA NA NA NA NA 2017 2880 751 NA NA NA NA NA
1557435600.0 25203.0 NA 343 590 0 NA NA NA NA NA NA 624 882 0 NA NA NA NA NA NA 2876 3781 661 NA NA NA NA NA NA 1835 3170 750 NA NA NA NA NA
1557435600.0 25204.0 NA 329 620 0 NA NA NA NA NA NA 624 873 0 NA NA NA NA NA NA 2961 3880 662 NA NA NA NA NA NA 2774 2818 731 NA NA NA NA NA
1557435600.0 25205.0 NA 336 609 0 NA NA NA NA NA NA 593 874 0 NA NA NA NA NA NA 2965 3595 659 NA NA NA NA NA NA 2144 2876 728 NA NA NA NA NA
1557435600.0 25206.0 NA 340 657 0 NA NA NA NA NA NA 624 866 0 NA NA NA NA NA NA 2775 3919 673 NA NA NA NA NA NA 1954 2744 746 NA NA NA NA NA
1557435600.0 25207.0 NA 336 605 0 NA NA NA NA NA NA 638 917 0 NA NA NA NA NA NA 2777 3615 682 NA NA NA NA NA NA 1964 3208 766 NA NA NA NA NA
1557435600.0 25208.0 NA 334 625 0 NA NA NA NA NA NA 626 868 0 NA NA NA NA NA NA 2966 4858 681 NA NA NA NA NA NA 2745 3065 769 NA NA NA NA NA
1557435600.0 25209.0 NA 336 621 0 NA NA NA NA NA NA 623 884 0 NA NA NA NA NA NA 2755 4219 658 NA NA NA NA NA NA 1981 2801 724 NA NA NA NA NA
1557435600.0 25210.0 81 289 463 0 NA NA NA NA NA 162 578 681 0 NA NA NA NA NA 2049 886 2239 669 NA NA NA NA NA 2246 968 2358 783 NA NA NA NA NA
1557435600.0 25211.0 93 339 618 0 NA NA NA NA NA 181 623 882 0 NA NA NA NA NA 3669 2637 3651 675 NA NA NA NA NA 2271 1194 2980 738 NA NA NA NA NA
1557435600.0 25211.17 73 350 450 0 NA NA NA NA NA 146 579 768 0 NA NA NA NA NA 3921 3247 3660 1112 NA NA NA NA NA 2226 1475 2387 1205 NA NA NA NA NA
1557435600.0 25212.0 92 339 618 0 NA NA NA NA NA 185 624 891 0 NA NA NA NA NA 5769 2698 4013 668 NA NA NA NA NA 4514 1286 2772 758 NA NA NA NA NA
1557435600.0 25212.17 82 372 481 0 NA NA NA NA NA 150 624 734 0 NA NA NA NA NA 6243 2954 3404 1008 NA NA NA NA NA 4368 1428 2007 1072 NA NA NA NA NA
1557435600.0 25213.0 95 344 635 0 NA NA NA NA NA 186 622 978 0 NA NA NA NA NA 6313 2814 4107 669 NA NA NA NA NA 4276 1318 2742 736 NA NA NA NA NA
1557435600.0 25213.17 74 381 472 0 NA NA NA NA NA 152 625 711 0 NA NA NA NA NA 5937 3433 3738 1085 NA NA NA NA NA 4584 1642 2373 1153 NA NA NA NA NA
1557435600.0 25214.0 NA 344 627 0 NA NA NA NA NA NA 580 923 0 NA NA NA NA NA NA 2796 4269 660 NA NA NA NA NA NA 1562 3418 751 NA NA NA NA NA
1557435600.0 25400.0 474 0 134 NA NA NA NA NA NA 808 0 226 NA NA NA NA NA NA 3589 250 639 NA NA NA NA NA NA 1802 1023 722 NA NA NA NA NA NA
1557435600.0 25400.17 596 0 147 NA NA NA NA NA NA 888 0 240 NA NA NA NA NA NA 7344 333 806 NA NA NA NA NA NA 3030 429 879 NA NA NA NA NA NA
1557435600.0 25400.18 593 0 142 NA NA NA NA NA NA 885 0 239 NA NA NA NA NA NA 6936 339 816 NA NA NA NA NA NA 3150 448 876 NA NA NA NA NA NA
1557435600.0 25402.0 467 0 148 NA NA NA NA NA NA 761 0 243 NA NA NA NA NA NA 4450 267 605 NA NA NA NA NA NA 2316 318 624 NA NA NA NA NA NA
1557435600.0 25402.17 563 0 145 NA NA NA NA NA NA 886 0 241 NA NA NA NA NA NA 7434 421 783 NA NA NA NA NA NA 3092 558 861 NA NA NA NA NA NA
1557435600.0 25402.18 558 0 147 NA NA NA NA NA NA 883 0 231 NA NA NA NA NA NA 7492 432 809 NA NA NA NA NA NA 3461 547 810 NA NA NA NA NA NA
1557435600.0 25403.0 469 0 150 NA NA NA NA NA NA 809 0 227 NA NA NA NA NA NA 3800 253 652 NA NA NA NA NA NA 1948 318 695 NA NA NA NA NA NA
1557435600.0 25403.17 562 0 148 NA NA NA NA NA NA 886 0 221 NA NA NA NA NA NA 5938 269 629 NA NA NA NA NA NA 2470 336 626 NA NA NA NA NA NA
1557435600.0 25403.18 576 0 151 NA NA NA NA NA NA 882 0 239 NA NA NA NA NA NA 5815 282 634 NA NA NA NA NA NA 2497 353 655 NA NA NA NA NA NA
1557435600.0 25405.0 473 0 151 NA NA NA NA NA NA 756 0 225 NA NA NA NA NA NA 3532 235 545 NA NA NA NA NA NA 1951 301 562 NA NA NA NA NA NA
1557435600.0 25405.17 564 0 149 NA NA NA NA NA NA 889 0 238 NA NA NA NA NA NA 6913 295 615 NA NA NA NA NA NA 2909 350 655 NA NA NA NA NA NA
1557435600.0 25405.18 598 0 143 NA NA NA NA NA NA 892 0 237 NA NA NA NA NA NA 6629 319 625 NA NA NA NA NA NA 2742 424 639 NA NA NA NA NA NA
1557435600.0 25406.0 461 0 127 NA NA NA NA NA NA 758 0 228 NA NA NA NA NA NA 3234 396 870 NA NA NA NA NA NA 2144 743 1550 NA NA NA NA NA NA
1557435600.0 25406.17 571 0 148 NA NA NA NA NA NA 839 0 229 NA NA NA NA NA NA 4664 283 639 NA NA NA NA NA NA 2265 332 709 NA NA NA NA NA NA
1557435600.0 25406.18 545 0 150 NA NA NA NA NA NA 885 0 233 NA NA NA NA NA NA 4133 290 592 NA NA NA NA NA NA 2013 360 620 NA NA NA NA NA NA
1557435600.0 25407.0 428 0 133 NA NA NA NA NA NA 761 0 242 NA NA NA NA NA NA 4823 333 881 NA NA NA NA NA NA 2906 460 1333 NA NA NA NA NA NA
1557435600.0 25407.17 500 0 148 NA NA NA NA NA NA 838 0 224 NA NA NA NA NA NA 6540 428 714 NA NA NA NA NA NA 3225 733 940 NA NA NA NA NA NA
1557435600.0 25407.18 529 0 151 NA NA NA NA NA NA 885 0 230 NA NA NA NA NA NA 6014 268 600 NA NA NA NA NA NA 2533 335 611 NA NA NA NA NA NA
1557435600.0 25408.0 474 0 149 NA NA NA NA NA NA 811 0 246 NA NA NA NA NA NA 4465 252 705 NA NA NA NA NA NA 2050 310 643 NA NA NA NA NA NA
1557435600.0 25408.17 586 0 155 NA NA NA NA NA NA 887 0 247 NA NA NA NA NA NA 8922 345 795 NA NA NA NA NA NA 4037 473 719 NA NA NA NA NA NA
1557435600.0 25408.18 593 0 153 NA NA NA NA NA NA 879 0 246 NA NA NA NA NA NA 8253 336 811 NA NA NA NA NA NA 3968 432 1060 NA NA NA NA NA NA
1557435600.0 25409.0 469 0 134 NA NA NA NA NA NA 754 0 244 NA NA NA NA NA NA 3729 256 696 NA NA NA NA NA NA 1863 785 715 NA NA NA NA NA NA
1557435600.0 25409.17 583 0 142 NA NA NA NA NA NA 883 0 242 NA NA NA NA NA NA 8231 347 795 NA NA NA NA NA NA 4580 462 892 NA NA NA NA NA NA
1557435600.0 25409.18 606 0 148 NA NA NA NA NA NA 937 0 238 NA NA NA NA NA NA 7533 321 857 NA NA NA NA NA NA 3324 396 841 NA NA NA NA NA NA
1557435600.0 26.0 NA 148 295 0 NA NA NA NA NA NA 603 605 0 NA NA NA NA NA NA 2165 2994 613 NA NA NA NA NA NA 1207 2415 745 NA NA NA NA NA
1557435600.0 27.0 NA 138 287 0 NA NA NA NA NA NA 603 580 0 NA NA NA NA NA NA 2112 2834 622 NA NA NA NA NA NA 1474 2388 742 NA NA NA NA NA
1557435600.0 27434.0 99 293 329 0 NA NA NA NA NA 164 503 573 0 NA NA NA NA NA 6753 2657 2993 646 NA NA NA NA NA 3791 2524 3089 736 NA NA NA NA NA
1557435600.0 27834.0 101 291 355 0 NA NA NA NA NA 162 453 569 0 NA NA NA NA NA 7075 2745 3627 756 NA NA NA NA NA 3039 1926 3770 870 NA NA NA NA NA
1557435600.0 28.0 NA 135 294 0 NA NA NA NA NA NA 603 526 0 NA NA NA NA NA NA 2434 3744 620 NA NA NA NA NA NA 1777 3645 742 NA NA NA NA NA
1557435600.0 280.0 139 119 301 0 NA NA NA NA NA 278 553 483 0 NA NA NA NA NA 3315 507 1538 508 NA NA NA NA NA 1438 437 1545 555 NA NA NA NA NA
1557435600.0 281.0 138 161 356 0 NA NA NA NA NA 289 605 558 0 NA NA NA NA NA 2178 541 1420 580 NA NA NA NA NA 1000 723 1658 674 NA NA NA NA NA
1557435600.0 29.0 NA 132 301 0 NA NA NA NA NA NA 604 563 0 NA NA NA NA NA NA 2156 3119 617 NA NA NA NA NA NA 1507 2552 766 NA NA NA NA NA
1557435600.0 3.0 80 166 207 NA NA NA NA NA NA 198 597 447 NA NA NA NA NA NA 5345 452 1591 NA NA NA NA NA NA 2826 482 1987 NA NA NA NA NA NA
1557435600.0 30.0 NA 136 289 0 NA NA NA NA NA NA 603 570 0 NA NA NA NA NA NA 2198 3166 645 NA NA NA NA NA NA 1451 2324 789 NA NA NA NA NA
1557435600.0 300.0 67 211 394 0 NA NA NA NA NA 148 620 689 0 NA NA NA NA NA 943 618 2189 999 NA NA NA NA NA 813 688 2188 1080 NA NA NA NA NA
1557435600.0 301.0 68 206 395 0 NA NA NA NA NA 153 622 640 0 NA NA NA NA NA 1428 917 2241 1103 NA NA NA NA NA 1105 638 2185 1166 NA NA NA NA NA
1557435600.0 302.0 66 237 389 0 NA NA NA NA NA 154 621 642 0 NA NA NA NA NA 1256 1076 2249 1095 NA NA NA NA NA 991 864 2189 1159 NA NA NA NA NA
1557435600.0 31.0 NA 133 287 0 NA NA NA NA NA NA 601 562 0 NA NA NA NA NA NA 2201 2942 613 NA NA NA NA NA NA 1568 2188 890 NA NA NA NA NA
1557435600.0 32.0 NA 141 297 0 NA NA NA NA NA NA 559 601 0 NA NA NA NA NA NA 2306 3339 605 NA NA NA NA NA NA 1510 2911 673 NA NA NA NA NA
1557435600.0 33.0 NA 142 285 0 NA NA NA NA NA NA 558 553 0 NA NA NA NA NA NA 2104 2864 613 NA NA NA NA NA NA 1802 3457 1305 NA NA NA NA NA
1557435600.0 34.0 123 130 300 0 NA NA NA NA NA 217 552 497 0 NA NA NA NA NA 2554 580 1560 453 NA NA NA NA NA 965 369 1547 1194 NA NA NA NA NA
1557435600.0 35.0 NA 137 293 0 NA NA NA NA NA NA 604 494 0 NA NA NA NA NA NA 2307 3347 627 NA NA NA NA NA NA 2033 2618 748 NA NA NA NA NA
1557435600.0 36.0 NA 130 303 0 NA NA NA NA NA NA 558 561 0 NA NA NA NA NA NA 2475 9178 648 NA NA NA NA NA NA 2565 4892 876 NA NA NA NA NA
1557435600.0 37.0 NA 130 301 0 NA NA NA NA NA NA 602 558 0 NA NA NA NA NA NA 2539 4524 621 NA NA NA NA NA NA 2947 4022 734 NA NA NA NA NA
1557435600.0 38.0 NA 134 303 0 NA NA NA NA NA NA 558 533 0 NA NA NA NA NA NA 2436 4003 625 NA NA NA NA NA NA 1645 2484 828 NA NA NA NA NA
1557435600.0 39.0 NA 135 307 0 NA NA NA NA NA NA 603 610 0 NA NA NA NA NA NA 2807 6514 647 NA NA NA NA NA NA 1805 3957 837 NA NA NA NA NA
1557435600.0 4.17 NA 47 320 0 198 NA NA NA NA NA 88 509 0 286 NA NA NA NA NA 306 2943 604 1185 NA NA NA NA NA 262 1926 707 1066 NA NA NA NA
1557435600.0 4.22 NA 160 73 65 0 NA NA NA NA NA 268 124 140 0 NA NA NA NA NA 966 266 423 293 NA NA NA NA NA 825 563 366 358 NA NA NA NA
1557435600.0 4.23 NA 70 317 0 NA NA NA NA NA NA 133 502 0 NA NA NA NA NA NA 408 3183 928 NA NA NA NA NA NA 871 2555 1328 NA NA NA NA NA
1557435600.0 4.24 NA 68 305 0 NA NA NA NA NA NA 123 552 0 NA NA NA NA NA NA 410 3303 808 NA NA NA NA NA NA 851 3119 1002 NA NA NA NA NA
1557435600.0 4.25 NA 56 301 0 NA NA NA NA NA NA 118 576 0 NA NA NA NA NA NA 372 3270 825 NA NA NA NA NA NA 623 2849 1205 NA NA NA NA NA
1557435600.0 4.26 NA 65 314 0 NA NA NA NA NA NA 124 532 0 NA NA NA NA NA NA 363 3770 784 NA NA NA NA NA NA 776 3380 1006 NA NA NA NA NA
1557435600.0 4.27 NA 59 312 0 NA NA NA NA NA NA 122 593 0 NA NA NA NA NA NA 428 3997 904 NA NA NA NA NA NA 863 3955 1395 NA NA NA NA NA
1557435600.0 4.28 NA 66 306 0 NA NA NA NA NA NA 129 516 0 NA NA NA NA NA NA 326 3206 2586 NA NA NA NA NA NA 786 5511 3186 NA NA NA NA NA
1557435600.0 4.29 NA 47 338 0 202 NA NA NA NA NA 99 522 0 296 NA NA NA NA NA 345 3156 598 1355 NA NA NA NA NA 245 2645 657 1222 NA NA NA NA
1557435600.0 4.34 NA 67 325 0 NA NA NA NA NA NA 131 506 0 NA NA NA NA NA NA 423 3692 883 NA NA NA NA NA NA 675 2743 992 NA NA NA NA NA
1557435600.0 4.36 NA 60 308 0 NA NA NA NA NA NA 124 502 0 NA NA NA NA NA NA 392 3991 754 NA NA NA NA NA NA 614 3501 1062 NA NA NA NA NA
1557435600.0 4.37 NA 68 313 0 NA NA NA NA NA NA 123 526 0 NA NA NA NA NA NA 386 4471 789 NA NA NA NA NA NA 1333 3512 1586 NA NA NA NA NA
1557435600.0 4.4 NA 40 313 0 NA NA NA NA NA NA 105 566 0 NA NA NA NA NA NA 340 4161 727 NA NA NA NA NA NA 1457 3393 1167 NA NA NA NA NA
1557435600.0 4.41 NA 30 320 0 NA NA NA NA NA NA 96 517 0 NA NA NA NA NA NA 257 5434 698 NA NA NA NA NA NA 395 4568 859 NA NA NA NA NA
1557435600.0 4.42 NA 36 341 0 NA NA NA NA NA NA 99 547 0 NA NA NA NA NA NA 278 6375 711 NA NA NA NA NA NA 673 3784 844 NA NA NA NA NA
1557435600.0 4.43 NA 35 313 0 NA NA NA NA NA NA 100 521 0 NA NA NA NA NA NA 297 4033 718 NA NA NA NA NA NA 517 4268 1219 NA NA NA NA NA
1557435600.0 4.44 NA 31 321 0 NA NA NA NA NA NA 100 500 0 NA NA NA NA NA NA 307 4989 745 NA NA NA NA NA NA 750 3458 1199 NA NA NA NA NA
1557435600.0 4.45 NA 34 330 0 NA NA NA NA NA NA 99 574 0 NA NA NA NA NA NA 320 6693 725 NA NA NA NA NA NA 674 3273 899 NA NA NA NA NA
1557435600.0 4.51 NA 34 328 0 NA NA NA NA NA NA 96 601 0 NA NA NA NA NA NA 271 5738 736 NA NA NA NA NA NA 540 3753 1119 NA NA NA NA NA
1557435600.0 4.52 NA 30 329 0 NA NA NA NA NA NA 96 509 0 NA NA NA NA NA NA 284 7061 733 NA NA NA NA NA NA 685 3822 1065 NA NA NA NA NA
1557435600.0 4.53 NA 37 328 0 NA NA NA NA NA NA 98 568 0 NA NA NA NA NA NA 339 6706 720 NA NA NA NA NA NA 752 4600 1463 NA NA NA NA NA
1557435600.0 4.54 NA 34 325 0 NA NA NA NA NA NA 93 602 0 NA NA NA NA NA NA 262 6757 735 NA NA NA NA NA NA 541 4091 1021 NA NA NA NA NA
1557435600.0 4.55 NA 35 333 0 NA NA NA NA NA NA 100 536 0 NA NA NA NA NA NA 318 7941 735 NA NA NA NA NA NA 545 3729 862 NA NA NA NA NA
1557435600.0 4.57 NA 56 340 0 NA NA NA NA NA NA 120 585 0 NA NA NA NA NA NA 370 7826 752 NA NA NA NA NA NA 1026 3931 874 NA NA NA NA NA
1557435600.0 4.58 NA 51 322 0 NA NA NA NA NA NA 112 566 0 NA NA NA NA NA NA 366 5132 727 NA NA NA NA NA NA 599 3944 940 NA NA NA NA NA
1557435600.0 4.6 NA 303 0 NA NA NA NA NA NA NA 503 0 NA NA NA NA NA NA NA 2866 633 NA NA NA NA NA NA NA 3636 1083 NA NA NA NA NA NA
1557435600.0 4.61 NA 34 328 0 NA NA NA NA NA NA 98 555 0 NA NA NA NA NA NA 280 6512 717 NA NA NA NA NA NA 399 3606 864 NA NA NA NA NA
1557435600.0 4.62 NA 31 324 0 NA NA NA NA NA NA 95 578 0 NA NA NA NA NA NA 302 6439 731 NA NA NA NA NA NA 575 3171 1128 NA NA NA NA NA
1557435600.0 4.63 NA 33 333 0 NA NA NA NA NA NA 93 592 0 NA NA NA NA NA NA 266 7305 729 NA NA NA NA NA NA 467 3424 927 NA NA NA NA NA
1557435600.0 4.64 NA 32 331 0 NA NA NA NA NA NA 96 562 0 NA NA NA NA NA NA 287 6968 719 NA NA NA NA NA NA 829 3498 839 NA NA NA NA NA
1557435600.0 4.65 NA 34 345 0 NA NA NA NA NA NA 92 589 0 NA NA NA NA NA NA 318 9718 728 NA NA NA NA NA NA 854 5251 941 NA NA NA NA NA
1557435600.0 4.67 NA 56 341 0 NA NA NA NA NA NA 119 551 0 NA NA NA NA NA NA 363 7755 750 NA NA NA NA NA NA 653 3766 1582 NA NA NA NA NA
1557435600.0 4.68 NA 45 324 0 NA NA NA NA NA NA 107 574 0 NA NA NA NA NA NA 326 6239 720 NA NA NA NA NA NA 371 3083 1522 NA NA NA NA NA
1557435600.0 4.71 NA 31 319 0 NA NA NA NA NA NA 94 579 0 NA NA NA NA NA NA 300 5156 703 NA NA NA NA NA NA 457 3687 904 NA NA NA NA NA
1557435600.0 4.72 NA 33 317 0 NA NA NA NA NA NA 97 556 0 NA NA NA NA NA NA 301 6084 747 NA NA NA NA NA NA 677 5463 1243 NA NA NA NA NA
1557435600.0 4.73 NA 45 332 0 NA NA NA NA NA NA 102 585 0 NA NA NA NA NA NA 302 7072 719 NA NA NA NA NA NA 614 3501 1558 NA NA NA NA NA
1557435600.0 4.74 NA 32 322 0 NA NA NA NA NA NA 97 528 0 NA NA NA NA NA NA 301 6104 716 NA NA NA NA NA NA 748 3468 1028 NA NA NA NA NA
1557435600.0 4.75 NA 35 332 0 NA NA NA NA NA NA 103 576 0 NA NA NA NA NA NA 315 7113 723 NA NA NA NA NA NA 631 3937 1095 NA NA NA NA NA
1557435600.0 4.76 NA 59 334 0 NA NA NA NA NA NA 120 534 0 NA NA NA NA NA NA 364 7617 745 NA NA NA NA NA NA 539 3878 1628 NA NA NA NA NA
1557435600.0 4.77 NA 60 339 0 NA NA NA NA NA NA 121 536 0 NA NA NA NA NA NA 369 8674 729 NA NA NA NA NA NA 516 4770 984 NA NA NA NA NA
1557435600.0 4.78 NA 52 332 0 NA NA NA NA NA NA 123 572 0 NA NA NA NA NA NA 324 7513 724 NA NA NA NA NA NA 917 4640 1012 NA NA NA NA NA
1557435600.0 4000.0 NA 134 307 NA NA NA NA NA NA NA 602 585 NA NA NA NA NA NA NA 2629 4601 NA NA NA NA NA NA NA 4024 3361 NA NA NA NA NA NA
1557435600.0 4001.0 NA 187 376 NA NA NA NA NA NA NA 571 643 NA NA NA NA NA NA NA 1047 2770 NA NA NA NA NA NA NA 1080 3268 NA NA NA NA NA NA
1557435600.0 4002.0 NA 133 285 NA NA NA NA NA NA NA 604 553 NA NA NA NA NA NA NA 2202 3003 NA NA NA NA NA NA NA 1950 4036 NA NA NA NA NA NA
1557435600.0 4003.0 NA 135 285 NA NA NA NA NA NA NA 604 497 NA NA NA NA NA NA NA 2180 3288 NA NA NA NA NA NA NA 1795 3773 NA NA NA NA NA NA
1557435600.0 4006.0 62 180 348 NA NA NA NA NA NA 147 571 562 NA NA NA NA NA NA 969 989 2350 NA NA NA NA NA NA 1788 1899 2623 NA NA NA NA NA NA
1557435600.0 4007.0 48 0 0 NA NA NA NA NA NA 108 0 0 NA NA NA NA NA NA 1061 255 1462 NA NA NA NA NA NA 1583 631 2394 NA NA NA NA NA NA
1557435600.0 4008.0 62 220 308 NA NA NA NA NA NA 134 616 600 NA NA NA NA NA NA 2364 456 1730 NA NA NA NA NA NA 3854 1078 4286 NA NA NA NA NA NA
1557435600.0 43.0 NA 129 296 0 NA NA NA NA NA NA 604 594 0 NA NA NA NA NA NA 2205 3695 650 NA NA NA NA NA NA 1377 2315 838 NA NA NA NA NA
1557435600.0 44.0 NA 160 294 0 NA NA NA NA NA NA 603 603 0 NA NA NA NA NA NA 2214 3468 609 NA NA NA NA NA NA 1229 2483 711 NA NA NA NA NA
1557435600.0 45.0 NA 135 295 0 NA NA NA NA NA NA 602 516 0 NA NA NA NA NA NA 2246 3525 625 NA NA NA NA NA NA 1810 2408 871 NA NA NA NA NA
1557435600.0 5.1 329 0 NA NA NA NA NA NA NA 784 0 NA NA NA NA NA NA NA 1381 306 NA NA NA NA NA NA NA 1402 610 NA NA NA NA NA NA NA
1557435600.0 5.2 242 0 NA NA NA NA NA NA NA 737 0 NA NA NA NA NA NA NA 1322 271 NA NA NA NA NA NA NA 1766 414 NA NA NA NA NA NA NA
1557435600.0 5.3 242 0 NA NA NA NA NA NA NA 785 0 NA NA NA NA NA NA NA 1286 283 NA NA NA NA NA NA NA 4709 609 NA NA NA NA NA NA NA
1557435600.0 5.4 322 0 NA NA NA NA NA NA NA 781 0 NA NA NA NA NA NA NA 1367 291 NA NA NA NA NA NA NA 1662 525 NA NA NA NA NA NA NA
1557435600.0 5.5 330 0 NA NA NA NA NA NA NA 782 0 NA NA NA NA NA NA NA 1328 288 NA NA NA NA NA NA NA 2069 478 NA NA NA NA NA NA NA
1557435600.0 5.6 320 0 NA NA NA NA NA NA NA 784 0 NA NA NA NA NA NA NA 1391 292 NA NA NA NA NA NA NA 1421 634 NA NA NA NA NA NA NA
1557435600.0 5.7 319 0 NA NA NA NA NA NA NA 784 0 NA NA NA NA NA NA NA 1350 288 NA NA NA NA NA NA NA 1909 520 NA NA NA NA NA NA NA
1557435600.0 500199.0 259 NA NA NA NA NA NA NA NA 613 NA NA NA NA NA NA NA NA 2176 NA NA NA NA NA NA NA NA 1881 NA NA NA NA NA NA NA NA
1557435600.0 500200.0 NA 220 335 0 NA NA NA NA NA NA 616 584 0 NA NA NA NA NA NA 6948 2815 610 NA NA NA NA NA NA 5500 3395 1062 NA NA NA NA NA
1557435600.0 500200.1 90 222 235 NA NA NA NA NA NA 181 617 481 NA NA NA NA NA NA 2893 1097 2067 NA NA NA NA NA NA 2757 1025 1905 NA NA NA NA NA NA
1557435600.0 500202.0 NA 224 354 0 NA NA NA NA NA NA 527 626 0 NA NA NA NA NA NA 7628 3231 623 NA NA NA NA NA NA 4769 3257 1066 NA NA NA NA NA
1557435600.0 500203.0 NA 221 343 0 NA NA NA NA NA NA 616 636 0 NA NA NA NA NA NA 7156 3057 619 NA NA NA NA NA NA 4705 3610 1346 NA NA NA NA NA
1557435600.0 500204.0 NA 218 342 0 NA NA NA NA NA NA 616 554 0 NA NA NA NA NA NA 6989 2847 613 NA NA NA NA NA NA 4546 2343 742 NA NA NA NA NA
1557435600.0 500205.0 NA 226 338 0 NA NA NA NA NA NA 571 618 0 NA NA NA NA NA NA 6904 2871 616 NA NA NA NA NA NA 6104 2889 1356 NA NA NA NA NA
1557435600.0 500206.0 NA 220 353 0 NA NA NA NA NA NA 618 548 0 NA NA NA NA NA NA 7339 2904 629 NA NA NA NA NA NA 5564 4370 1278 NA NA NA NA NA
1557435600.0 500207.0 NA 210 336 0 NA NA NA NA NA NA 618 571 0 NA NA NA NA NA NA 6896 2676 602 NA NA NA NA NA NA 3973 3096 745 NA NA NA NA NA
1557435600.0 50200.0 NA 234 439 0 NA NA NA NA NA NA 572 672 0 NA NA NA NA NA NA 1713 2978 627 NA NA NA NA NA NA 1616 2455 733 NA NA NA NA NA
1557435600.0 50202.0 NA 239 469 0 NA NA NA NA NA NA 617 748 0 NA NA NA NA NA NA 1689 3471 618 NA NA NA NA NA NA 2409 2934 780 NA NA NA NA NA
1557435600.0 50203.0 NA 240 442 0 NA NA NA NA NA NA 574 726 0 NA NA NA NA NA NA 1679 3044 614 NA NA NA NA NA NA 1995 3173 812 NA NA NA NA NA
1557435600.0 50204.0 NA 234 452 0 NA NA NA NA NA NA 573 698 0 NA NA NA NA NA NA 1695 3039 618 NA NA NA NA NA NA 2037 2690 798 NA NA NA NA NA
1557435600.0 50205.0 NA 259 463 0 NA NA NA NA NA NA 572 676 0 NA NA NA NA NA NA 1680 3057 609 NA NA NA NA NA NA 2259 2642 770 NA NA NA NA NA
1557435600.0 50206.0 NA 233 459 0 NA NA NA NA NA NA 573 703 0 NA NA NA NA NA NA 1693 3115 622 NA NA NA NA NA NA 1528 2535 824 NA NA NA NA NA
1557435600.0 50207.0 NA 234 444 0 NA NA NA NA NA NA 572 645 0 NA NA NA NA NA NA 1633 2936 602 NA NA NA NA NA NA 1299 2832 677 NA NA NA NA NA
1557435600.0 50208.0 NA 245 462 0 NA NA NA NA NA NA 573 695 0 NA NA NA NA NA NA 1778 3890 636 NA NA NA NA NA NA 2963 2739 758 NA NA NA NA NA
1557435600.0 503.0 37 0 NA NA NA NA NA NA NA 87 0 NA NA NA NA NA NA NA 233 153 NA NA NA NA NA NA NA 454 257 NA NA NA NA NA NA NA
1557435600.0 504.0 38 0 NA NA NA NA NA NA NA 89 0 NA NA NA NA NA NA NA 232 150 NA NA NA NA NA NA NA 467 237 NA NA NA NA NA NA NA
1557435600.0 505.0 44 0 NA NA NA NA NA NA NA 88 0 NA NA NA NA NA NA NA 210 160 NA NA NA NA NA NA NA 417 421 NA NA NA NA NA NA NA
1557435600.0 506.0 37 0 NA NA NA NA NA NA NA 88 0 NA NA NA NA NA NA NA 202 155 NA NA NA NA NA NA NA 433 364 NA NA NA NA NA NA NA
1557435600.0 507.0 43 0 NA NA NA NA NA NA NA 86 0 NA NA NA NA NA NA NA 224 151 NA NA NA NA NA NA NA 430 232 NA NA NA NA NA NA NA
1557435600.0 508.0 41 0 NA NA NA NA NA NA NA 87 0 NA NA NA NA NA NA NA 191 162 NA NA NA NA NA NA NA 476 352 NA NA NA NA NA NA NA
1557435600.0 509.0 40 0 NA NA NA NA NA NA NA 85 0 NA NA NA NA NA NA NA 189 154 NA NA NA NA NA NA NA 576 344 NA NA NA NA NA NA NA
1557435600.0 510.0 42 0 NA NA NA NA NA NA NA 87 0 NA NA NA NA NA NA NA 307 158 NA NA NA NA NA NA NA 558 300 NA NA NA NA NA NA NA
1557435600.0 511.0 46 0 NA NA NA NA NA NA NA 92 0 NA NA NA NA NA NA NA 9573 159 NA NA NA NA NA NA NA 11290 403 NA NA NA NA NA NA NA
1557435600.0 512.0 19 42 0 NA NA NA NA NA NA 67 93 0 NA NA NA NA NA NA 3095 186 162 NA NA NA NA NA NA 32475 319 544 NA NA NA NA NA NA
1557435600.0 513.0 19 45 0 NA NA NA NA NA NA 66 94 0 NA NA NA NA NA NA 780 200 152 NA NA NA NA NA NA 2399 479 297 NA NA NA NA NA NA
1557435600.0 514.0 19 45 0 NA NA NA NA NA NA 67 93 0 NA NA NA NA NA NA 415 203 162 NA NA NA NA NA NA 1454 466 374 NA NA NA NA NA NA
1557435600.0 515.0 19 41 0 NA NA NA NA NA NA 66 92 0 NA NA NA NA NA NA 3090 181 166 NA NA NA NA NA NA 32475 319 570 NA NA NA NA NA NA
1557435600.0 516.0 26 45 0 NA NA NA NA NA NA 67 93 0 NA NA NA NA NA NA 576 161 135 NA NA NA NA NA NA 1152 371 209 NA NA NA NA NA NA
1557435600.0 517.0 19 43 0 NA NA NA NA NA NA 63 94 0 NA NA NA NA NA NA 939 205 157 NA NA NA NA NA NA 1626 629 241 NA NA NA NA NA NA
1557435600.0 518.0 19 42 0 NA NA NA NA NA NA 67 93 0 NA NA NA NA NA NA 3077 195 163 NA NA NA NA NA NA 32475 319 551 NA NA NA NA NA NA
1557435600.0 519.0 19 45 0 NA NA NA NA NA NA 66 93 0 NA NA NA NA NA NA 792 190 172 NA NA NA NA NA NA 3312 479 704 NA NA NA NA NA NA
1557435600.0 520.0 19 46 0 NA NA NA NA NA NA 63 94 0 NA NA NA NA NA NA 944 202 160 NA NA NA NA NA NA 1815 459 337 NA NA NA NA NA NA
1557435600.0 521.0 21 40 0 NA NA NA NA NA NA 66 94 0 NA NA NA NA NA NA 581 166 133 NA NA NA NA NA NA 1152 857 212 NA NA NA NA NA NA
1557435600.0 522.0 19 41 0 NA NA NA NA NA NA 66 94 0 NA NA NA NA NA NA 3117 198 159 NA NA NA NA NA NA 32475 564 438 NA NA NA NA NA NA
1557435600.0 523.0 19 46 0 NA NA NA NA NA NA 67 99 0 NA NA NA NA NA NA 1240 207 156 NA NA NA NA NA NA 4670 384 389 NA NA NA NA NA NA
1557435600.0 524.0 27 45 0 NA NA NA NA NA NA 63 93 0 NA NA NA NA NA NA 941 209 156 NA NA NA NA NA NA 1670 463 300 NA NA NA NA NA NA
1557435600.0 525.0 19 45 0 NA NA NA NA NA NA 67 94 0 NA NA NA NA NA NA 781 201 151 NA NA NA NA NA NA 2278 488 296 NA NA NA NA NA NA
1557435600.0 526.0 19 41 0 NA NA NA NA NA NA 67 92 0 NA NA NA NA NA NA 3116 198 159 NA NA NA NA NA NA 32475 554 406 NA NA NA NA NA NA
1557435600.0 527.0 20 44 0 NA NA NA NA NA NA 63 94 0 NA NA NA NA NA NA 889 163 114 NA NA NA NA NA NA 1848 218 162 NA NA NA NA NA NA
1557435600.0 528.0 22 45 0 NA NA NA NA NA NA 67 93 0 NA NA NA NA NA NA 646 205 170 NA NA NA NA NA NA 2318 867 727 NA NA NA NA NA NA
1557435600.0 529.0 19 41 0 NA NA NA NA NA NA 67 93 0 NA NA NA NA NA NA 3104 183 164 NA NA NA NA NA NA 32475 321 554 NA NA NA NA NA NA
1557435600.0 530.0 19 43 0 NA NA NA NA NA NA 62 95 0 NA NA NA NA NA NA 939 228 151 NA NA NA NA NA NA 2065 651 295 NA NA NA NA NA NA
1557435600.0 531.0 47 0 NA NA NA NA NA NA NA 195 0 NA NA NA NA NA NA NA 189 158 NA NA NA NA NA NA NA 447 261 NA NA NA NA NA NA NA
1557435600.0 534.0 41 0 NA NA NA NA NA NA NA 105 0 NA NA NA NA NA NA NA 220 149 NA NA NA NA NA NA NA 362 263 NA NA NA NA NA NA NA
1557435600.0 535.0 47 0 NA NA NA NA NA NA NA 95 0 NA NA NA NA NA NA NA 854 130 NA NA NA NA NA NA NA 1034 209 NA NA NA NA NA NA NA
1557435600.0 536.0 42 0 NA NA NA NA NA NA NA 104 0 NA NA NA NA NA NA NA 362 150 NA NA NA NA NA NA NA 690 259 NA NA NA NA NA NA NA
1557435600.0 541.0 45 0 NA NA NA NA NA NA NA 97 0 NA NA NA NA NA NA NA 228 154 NA NA NA NA NA NA NA 512 262 NA NA NA NA NA NA NA
1557435600.0 545.0 50 0 NA NA NA NA NA NA NA 96 0 NA NA NA NA NA NA NA 259 153 NA NA NA NA NA NA NA 459 269 NA NA NA NA NA NA NA
1557435600.0 551.0 19 38 0 NA NA NA NA NA NA 67 93 0 NA NA NA NA NA NA 1264 209 177 NA NA NA NA NA NA 6768 683 889 NA NA NA NA NA NA
1557435600.0 552.0 19 38 0 NA NA NA NA NA NA 64 93 0 NA NA NA NA NA NA 1797 202 155 NA NA NA NA NA NA 1393 430 241 NA NA NA NA NA NA
1557435600.0 554.0 19 39 0 NA NA NA NA NA NA 62 94 0 NA NA NA NA NA NA 1598 218 160 NA NA NA NA NA NA 2591 864 369 NA NA NA NA NA NA
1557435600.0 555.0 20 38 0 NA NA NA NA NA NA 64 93 0 NA NA NA NA NA NA 4380 191 157 NA NA NA NA NA NA 5172 549 707 NA NA NA NA NA NA
1557435600.0 556.0 19 43 0 NA NA NA NA NA NA 67 93 0 NA NA NA NA NA NA 381 216 159 NA NA NA NA NA NA 1036 493 319 NA NA NA NA NA NA
1557435600.0 560.0 42 0 NA NA NA NA NA NA NA 88 0 NA NA NA NA NA NA NA 201 154 NA NA NA NA NA NA NA 428 280 NA NA NA NA NA NA NA
1557435600.0 561.0 43 0 NA NA NA NA NA NA NA 88 0 NA NA NA NA NA NA NA 203 155 NA NA NA NA NA NA NA 491 298 NA NA NA NA NA NA NA
1557435600.0 562.0 19 46 0 NA NA NA NA NA NA 67 94 0 NA NA NA NA NA NA 396 210 156 NA NA NA NA NA NA 2065 511 360 NA NA NA NA NA NA
1557435600.0 6.0 NA 107 272 0 NA NA NA NA NA NA 602 483 0 NA NA NA NA NA NA 1680 2097 569 NA NA NA NA NA NA 1806 3609 979 NA NA NA NA NA
1557435600.0 7.0 58 164 157 64 0 NA NA NA NA 125 504 249 109 0 NA NA NA NA 1079 537 502 225 272 NA NA NA NA 656 399 600 342 335 NA NA NA NA
1557435600.0 7.1 56 146 149 62 0 NA NA NA NA 120 548 259 116 0 NA NA NA NA 1548 620 490 231 275 NA NA NA NA 1003 531 687 424 333 NA NA NA NA
1557435600.0 7.2 62 259 233 76 0 NA NA NA NA 117 705 381 121 0 NA NA NA NA 1137 1432 707 333 654 NA NA NA NA 699 1270 1018 992 725 NA NA NA NA
1557435600.0 7.21 65 167 220 70 0 NA NA NA NA 121 610 333 111 0 NA NA NA NA 607 641 625 288 334 NA NA NA NA 1138 772 731 352 556 NA NA NA NA
1557435600.0 7.22 69 145 206 70 0 NA NA NA NA 121 609 275 112 0 NA NA NA NA 921 373 493 182 218 NA NA NA NA 822 599 585 264 292 NA NA NA NA
1557435600.0 7.3 61 218 211 75 0 NA NA NA NA 115 588 353 118 0 NA NA NA NA 1983 1430 669 249 601 NA NA NA NA 1206 1361 704 394 683 NA NA NA NA
1557435600.0 7.4 69 246 230 60 0 NA NA NA NA 131 705 353 117 0 NA NA NA NA 1230 1755 796 404 706 NA NA NA NA 896 2555 1467 405 774 NA NA NA NA
1557435600.0 8.0 NA 162 167 52 0 NA NA NA NA NA 601 242 96 0 NA NA NA NA NA 1726 661 166 275 NA NA NA NA NA 761 722 233 339 NA NA NA NA
1557435600.0 9.0 NA 129 300 0 NA NA NA NA NA NA 602 512 0 NA NA NA NA NA NA 2486 4292 638 NA NA NA NA NA NA 2531 2734 727 NA NA NA NA NA
